        Frequency / GHz                S1,1/abs,dB
----------------------------------------------------------------------
                       1                    -0.062699968
                   1.003                    -0.064118404
                   1.006                    -0.065839539
               1.0089999                    -0.067848472
                   1.012                    -0.070126969
                   1.015                    -0.072656835
                   1.018                    -0.075416294
                   1.021                    -0.078382171
                   1.024                    -0.081530652
                   1.027                    -0.084835964
                    1.03                    -0.088270994
                   1.033                    -0.091809149
                   1.036                    -0.095422156
                   1.039                    -0.099081493
               1.0420001                     -0.10275928
                   1.045                     -0.10642651
                   1.048                     -0.11005611
                   1.051                     -0.11362086
                   1.054                     -0.11709431
                   1.057                     -0.12045179
               1.0599999                     -0.12366995
                   1.063                     -0.12672494
                   1.066                     -0.12959757
                   1.069                       -0.132268
                   1.072                     -0.13472166
                   1.075                     -0.13694102
               1.0779999                     -0.13891541
                   1.081                     -0.14063501
                   1.084                     -0.14209229
                   1.087                     -0.14328102
                    1.09                     -0.14419919
               1.0930001                     -0.14484717
                   1.096                     -0.14522695
                   1.099                     -0.14534245
                   1.102                     -0.14520105
                   1.105                     -0.14481291
                   1.108                     -0.14418755
               1.1109999                     -0.14333928
                   1.114                      -0.1422831
                   1.117                     -0.14103616
                    1.12                     -0.13961644
                   1.123                     -0.13804354
                   1.126                     -0.13633844
               1.1289999                      -0.1345232
                   1.132                     -0.13262005
                   1.135                     -0.13065174
                   1.138                     -0.12864154
                   1.141                     -0.12661438
               1.1440001                     -0.12459228
                   1.147                     -0.12259793
                    1.15                     -0.12065461
                   1.153                     -0.11878434
                   1.156                     -0.11700751
                   1.159                     -0.11534553
               1.1619999                      -0.1138161
                   1.165                     -0.11243629
                   1.168                     -0.11122361
                   1.171                     -0.11019231
                   1.174                     -0.10935477
                   1.177                     -0.10872132
               1.1799999                      -0.1083018
                   1.183                     -0.10810476
                   1.186                     -0.10813484
                   1.189                     -0.10839597
                   1.192                     -0.10888836
               1.1950001                     -0.10961446
                   1.198                       -0.110569
                   1.201                     -0.11174951
                   1.204                     -0.11314966
                   1.207                     -0.11476192
                    1.21                     -0.11657684
               1.2130001                     -0.11858244
                   1.216                     -0.12076846
                   1.219                     -0.12311988
                   1.222                     -0.12562044
                   1.225                     -0.12825644
                   1.228                     -0.13100795
               1.2309999                     -0.13385926
                   1.234                      -0.1367919
                   1.237                     -0.13978448
                    1.24                      -0.1428206
                   1.243                     -0.14587781
               1.2460001                     -0.14893994
                   1.249                      -0.1519842
                   1.252                     -0.15499465
                   1.255                      -0.1579506
                   1.258                     -0.16083576
                   1.261                     -0.16363223
               1.2640001                     -0.16632506
                   1.267                     -0.16889762
                    1.27                     -0.17133858
                   1.273                     -0.17363409
                   1.276                     -0.17577383
                   1.279                     -0.17774864
               1.2819999                     -0.17955068
                   1.285                     -0.18117398
                   1.288                     -0.18261443
                   1.291                      -0.1838686
                   1.294                     -0.18493568
               1.2970001                     -0.18581829
                     1.3                     -0.18651731
                   1.303                     -0.18703806
                   1.306                     -0.18738561
                   1.309                     -0.18756803
                   1.312                     -0.18759451
               1.3150001                     -0.18747426
                   1.318                     -0.18722059
                   1.321                     -0.18684548
                   1.324                     -0.18636261
                   1.327                     -0.18578723
                    1.33                     -0.18513503
               1.3329999                     -0.18442137
                   1.336                     -0.18366429
                   1.339                     -0.18288051
                   1.342                     -0.18208671
                   1.345                     -0.18130115
                   1.348                     -0.18054088
                   1.351                     -0.17982211
                   1.354                     -0.17916216
                   1.357                     -0.17857721
                    1.36                     -0.17808183
                   1.363                     -0.17769191
               1.3660001                        -0.17742
                   1.369                     -0.17727955
                   1.372                     -0.17728126
                   1.375                     -0.17743697
                   1.378                     -0.17775415
                   1.381                      -0.1782431
               1.3839999                     -0.17890761
                   1.387                     -0.17975357
                    1.39                     -0.18078505
                   1.393                     -0.18200345
                   1.396                     -0.18341001
                   1.399                     -0.18500321
                   1.402                     -0.18678043
                   1.405                     -0.18873906
                   1.408                     -0.19087288
                   1.411                     -0.19317461
                   1.414                     -0.19563873
               1.4170001                     -0.19825414
                    1.42                     -0.20101191
                   1.423                     -0.20390004
                   1.426                     -0.20690733
                   1.429                     -0.21001966
                   1.432                     -0.21322469
               1.4349999                     -0.21650727
                   1.438                     -0.21985358
                   1.441                     -0.22324782
                   1.444                     -0.22667423
                   1.447                     -0.23011943
                    1.45                     -0.23356725
               1.4529999                      -0.2370022
                   1.456                     -0.24041001
                   1.459                     -0.24377631
                   1.462                     -0.24708794
                   1.465                     -0.25033148
               1.4680001                     -0.25349502
                   1.471                     -0.25656758
                   1.474                     -0.25953838
                   1.477                      -0.2623987
                    1.48                      -0.2651408
                   1.483                     -0.26775839
               1.4859999                     -0.27024616
                   1.489                     -0.27259868
                   1.492                     -0.27481475
                   1.495                     -0.27689338
                   1.498                     -0.27883457
                   1.501                     -0.28063923
               1.5039999                      -0.2823115
                   1.507                     -0.28385562
                    1.51                     -0.28527745
                   1.513                     -0.28658384
                   1.516                     -0.28778311
               1.5190001                     -0.28888445
                   1.522                     -0.28989782
                   1.525                     -0.29083668
                   1.528                     -0.29171113
                   1.531                     -0.29253565
                   1.534                     -0.29332269
               1.5369999                     -0.29408668
                    1.54                      -0.2948423
                   1.543                     -0.29560439
                   1.546                     -0.29638843
                   1.549                     -0.29720804
                   1.552                     -0.29807859
               1.5549999                     -0.29901537
                   1.558                     -0.30003142
                   1.561                     -0.30114126
                   1.564                     -0.30235756
                   1.567                      -0.3036924
               1.5700001                     -0.30515895
                   1.573                     -0.30676645
                   1.576                     -0.30852535
                   1.579                     -0.31044465
                   1.582                     -0.31253126
                   1.585                     -0.31479168
               1.5880001                     -0.31723193
                   1.591                     -0.31985479
                   1.594                     -0.32266446
                   1.597                     -0.32566066
                     1.6                     -0.32884445
                   1.603                     -0.33221462
               1.6059999                     -0.33576742
                   1.609                      -0.3395004
                   1.612                     -0.34340891
                   1.615                     -0.34748566
                   1.618                     -0.35172353
               1.6210001                     -0.35611394
                   1.624                     -0.36064757
                   1.627                     -0.36531397
                    1.63                     -0.37010276
                   1.633                     -0.37500112
                   1.636                     -0.37999758
               1.6390001                     -0.38507872
                   1.642                     -0.39022996
                   1.645                     -0.39543994
                   1.648                     -0.40069264
                   1.651                     -0.40597531
                   1.654                     -0.41127445
               1.6569999                     -0.41657598
                    1.66                     -0.42186647
                   1.663                     -0.42713381
                   1.666                      -0.4323652
                   1.669                     -0.43754892
               1.6720001                     -0.44267437
                   1.675                     -0.44773286
                   1.678                     -0.45271353
                   1.681                     -0.45761002
                   1.684                     -0.46241563
                   1.687                     -0.46712433
               1.6900001                     -0.47173096
                   1.693                     -0.47623548
                   1.696                     -0.48063254
                   1.699                     -0.48492556
                   1.702                     -0.48911304
                   1.705                     -0.49319848
               1.7079999                     -0.49718629
                   1.711                     -0.50108129
                   1.714                     -0.50488937
                   1.717                     -0.50861862
                    1.72                     -0.51227861
                   1.723                      -0.5158786
                   1.726                      -0.5194301
                   1.729                     -0.52294472
                   1.732                     -0.52643515
                   1.735                     -0.52991569
                   1.738                     -0.53339971
               1.7410001                      -0.5369027
                   1.744                     -0.54043926
                   1.747                     -0.54402477
                    1.75                      -0.5476744
                   1.753                     -0.55140477
                   1.756                     -0.55523019
               1.7589999                      -0.5591663
                   1.762                     -0.56322819
                   1.765                     -0.56742973
                   1.768                     -0.57178529
                   1.771                      -0.5763085
                   1.774                     -0.58100971
                   1.777                     -0.58590131
                    1.78                     -0.59099551
                   1.783                     -0.59629862
                   1.786                     -0.60182108
                   1.789                     -0.60756935
               1.7920001                     -0.61354989
                   1.795                     -0.61976594
                   1.798                     -0.62622156
                   1.801                      -0.6329196
                   1.804                     -0.63985898
                   1.807                     -0.64703902
               1.8099999                     -0.65445901
                   1.813                     -0.66211427
                   1.816                     -0.67000006
                   1.819                     -0.67810994
                   1.822                     -0.68643862
                   1.825                     -0.69497621
               1.8279999                     -0.70371377
                   1.831                     -0.71264141
                   1.834                     -0.72174652
                   1.837                     -0.73101924
                    1.84                     -0.74044548
               1.8430001                     -0.75001283
                   1.846                     -0.75970686
                   1.849                      -0.7695153
                   1.852                     -0.77942253
                   1.855                     -0.78941497
                   1.858                     -0.79947976
               1.8609999                     -0.80960213
                   1.864                     -0.81976964
                   1.867                     -0.82996933
                    1.87                     -0.84018875
                   1.873                     -0.85041734
                   1.876                     -0.86064449
               1.8789999                     -0.87086111
                   1.882                     -0.88105872
                   1.885                     -0.89123169
                   1.888                     -0.90137364
                   1.891                     -0.91148066
               1.8940001                     -0.92155102
                   1.897                     -0.93158372
                     1.9                     -0.94157961
                   1.903                     -0.95153982
                   1.906                     -0.96147128
                   1.909                     -0.97137832
               1.9119999                     -0.98126843
                   1.915                     -0.99115156
                   1.918                      -1.0010389
                   1.921                      -1.0109426
                   1.924                      -1.0208773
                   1.927                      -1.0308578
               1.9299999                      -1.0409031
                   1.933                      -1.0510299
                   1.936                      -1.0612591
                   1.939                      -1.0716107
                   1.942                      -1.0821071
               1.9450001                      -1.0927699
                   1.948                      -1.1036225
                   1.951                      -1.1146892
                   1.954                      -1.1259945
                   1.957                      -1.1375628
                    1.96                      -1.1494194
               1.9630001                      -1.1615874
                   1.966                      -1.1740928
                   1.969                      -1.1869595
                   1.972                      -1.2002114
                   1.975                      -1.2138709
                   1.978                      -1.2279616
               1.9809999                      -1.2425052
                   1.984                       -1.257522
                   1.987                      -1.2730319
                    1.99                      -1.2890542
                   1.993                       -1.305606
               1.9960001                      -1.3227036
                   1.999                      -1.3403619
               2.0020001                      -1.3585945
               2.0050001                      -1.3774117
               2.0079999                      -1.3968272
               2.0109999                      -1.4168484
               2.0139999                      -1.4374833
                   2.017                      -1.4587382
                    2.02                      -1.4806174
                   2.023                      -1.5031255
                   2.026                      -1.5262649
                   2.029                      -1.5500356
               2.0320001                      -1.5744379
               2.0350001                      -1.5994716
               2.0380001                      -1.6251331
               2.0409999                      -1.6514211
               2.0439999                      -1.6783315
               2.0469999                      -1.7058618
                    2.05                       -1.734007
                   2.053                      -1.7627636
                   2.056                      -1.7921274
                   2.059                      -1.8220949
                   2.062                      -1.8526631
               2.0650001                      -1.8838291
               2.0680001                      -1.9155924
               2.0710001                      -1.9479534
               2.0739999                      -1.9809119
               2.0769999                      -2.0144718
               2.0799999                       -2.048639
               2.0829999                      -2.0834189
                   2.086                      -2.1188237
                   2.089                      -2.1548626
                   2.092                      -2.1915531
                   2.095                      -2.2289119
                   2.098                      -2.2669616
               2.1010001                      -2.3057266
               2.1040001                      -2.3452346
               2.1070001                      -2.3855203
               2.1099999                       -2.426617
               2.1129999                      -2.4685684
               2.1159999                      -2.5114165
                   2.119                      -2.5552134
                   2.122                      -2.6000096
                   2.125                      -2.6458634
                   2.128                      -2.6928393
                   2.131                      -2.7410029
               2.1340001                      -2.7904274
               2.1370001                      -2.8411882
               2.1400001                      -2.8933676
               2.1429999                      -2.9470495
               2.1459999                      -3.0023259
               2.1489999                      -3.0592915
                   2.152                      -3.1180472
                   2.155                      -3.1786944
                   2.158                      -3.2413446
                   2.161                      -3.3061103
                   2.164                      -3.3731076
               2.1670001                      -3.4424604
               2.1700001                      -3.5142941
               2.1730001                      -3.5887398
               2.1760001                      -3.6659314
               2.1789999                      -3.7460102
               2.1819999                      -3.8291178
               2.1849999                      -3.9154022
                   2.188                      -4.0050174
                   2.191                      -4.0981187
                   2.194                      -4.1948654
                   2.197                      -4.2954262
                     2.2                      -4.3999671
               2.2030001                      -4.5086644
               2.2060001                      -4.6216962
               2.2090001                      -4.7392463
               2.2119999                      -4.8615017
               2.2149999                      -4.9886574
               2.2179999                      -5.1209088
                   2.221                      -5.2584574
                   2.224                       -5.401511
                   2.227                      -5.5502803
                    2.23                      -5.7049805
                   2.233                      -5.8658285
               2.2360001                      -6.0330467
               2.2390001                      -6.2068577
               2.2420001                      -6.3874867
               2.2449999                      -6.5751572
               2.2479999                      -6.7700898
               2.2509999                      -6.9724999
               2.2539999                      -7.1825933
                   2.257                      -7.4005646
                    2.26                      -7.6265863
                   2.263                      -7.8608068
                   2.266                       -8.103336
               2.2690001                      -8.3542382
               2.2720001                      -8.6135125
               2.2750001                       -8.881077
               2.2780001                      -9.1567455
               2.2809999                      -9.4401954
               2.2839999                      -9.7309349
               2.2869999                      -10.028259
                    2.29                      -10.331193
                   2.293                      -10.638442
                   2.296                       -10.94831
                   2.299                      -11.258634
                   2.302                      -11.566701
               2.3050001                       -11.86918
               2.3080001                      -12.162072
               2.3110001                       -12.44069
               2.3139999                      -12.699718
               2.3169999                      -12.933329
               2.3199999                       -13.13543
                   2.323                      -13.300011
                   2.326                      -13.421593
                   2.329                      -13.495718
                   2.332                       -13.51941
                   2.335                      -13.491511
               2.3380001                      -13.412819
               2.3410001                      -13.285996
               2.3440001                      -13.115261
               2.3469999                      -12.905945
               2.3499999                      -12.664005
               2.3529999                      -12.395556
               2.3559999                      -12.106506
                   2.359                      -11.802293
                   2.362                      -11.487736
                   2.365                      -11.166977
                   2.368                      -10.843477
               2.3710001                      -10.520072
               2.3740001                      -10.199035
               2.3770001                      -9.8821517
               2.3800001                      -9.5707997
               2.3829999                      -9.2660182
               2.3859999                       -8.968571
               2.3889999                      -8.6789944
                   2.392                      -8.3976515
                   2.395                      -8.1247635
                   2.398                      -7.8604384
                   2.401                      -7.6047035
                   2.404                      -7.3575146
               2.4070001                      -7.1187817
               2.4100001                      -6.8883724
               2.4130001                       -6.666129
               2.4159999                      -6.4518718
               2.4189999                      -6.2454081
               2.4219999                      -6.0465343
                   2.425                      -5.8550411
                   2.428                       -5.670716
                   2.431                      -5.4933435
                   2.434                      -5.3227134
                   2.437                      -5.1586126
               2.4400001                      -5.0008308
               2.4430001                      -4.8491649
               2.4460001                       -4.703412
               2.4489999                       -4.563372
               2.4519999                       -4.428853
               2.4549999                      -4.2996636
               2.4579999                      -4.1756187
                   2.461                      -4.0565361
                   2.464                      -3.9422393
                   2.467                      -3.8325525
                    2.47                       -3.727306
                   2.473                      -3.6263369
               2.4760001                      -3.5294774
               2.4790001                      -3.4365725
               2.4820001                      -3.3474654
               2.4849999                      -3.2620017
               2.4879999                      -3.1800333
               2.4909999                      -3.1014144
                   2.494                      -3.0260026
                   2.497                      -2.9536564
                     2.5                      -2.8842399
                   2.503                      -2.8176185
                   2.506                      -2.7536612
               2.5090001                      -2.6922416
               2.5120001                      -2.6332325
               2.5150001                      -2.5765139
               2.5179999                      -2.5219678
               2.5209999                      -2.4694786
               2.5239999                       -2.418934
                   2.527                      -2.3702265
                    2.53                      -2.3232533
                   2.533                      -2.2779105
                   2.536                      -2.2341025
                   2.539                      -2.1917365
               2.5420001                      -2.1507224
               2.5450001                      -2.1109749
               2.5480001                      -2.0724149
               2.5510001                      -2.0349644
               2.5539999                      -1.9985506
               2.5569999                      -1.9631066
               2.5599999                      -1.9285678
                   2.563                      -1.8948768
                   2.566                      -1.8619771
                   2.569                      -1.8298205
                   2.572                      -1.7983597
                   2.575                       -1.767554
               2.5780001                      -1.7373677
               2.5810001                      -1.7077653
               2.5840001                      -1.6787211
               2.5869999                      -1.6502094
               2.5899999                      -1.6222089
               2.5929999                      -1.5947029
                   2.596                      -1.5676789
                   2.599                      -1.5411259
                   2.602                      -1.5150367
                   2.605                      -1.4894079
                   2.608                      -1.4642366
               2.6110001                      -1.4395248
               2.6140001                      -1.4152753
               2.6170001                      -1.3914931
               2.6199999                       -1.368185
               2.6229999                       -1.345358
               2.6259999                      -1.3230222
               2.6289999                      -1.3011867
                   2.632                      -1.2798626
                   2.635                      -1.2590601
                   2.638                      -1.2387915
                   2.641                      -1.2190659
               2.6440001                      -1.1998949
               2.6470001                      -1.1812884
               2.6500001                      -1.1632553
               2.6530001                      -1.1458047
               2.6559999                      -1.1289424
               2.6589999                      -1.1126751
               2.6619999                      -1.0970078
                   2.665                      -1.0819426
                   2.668                      -1.0674817
                   2.671                      -1.0536239
                   2.674                      -1.0403676
                   2.677                      -1.0277087
               2.6800001                      -1.0156408
               2.6830001                      -1.0041564
               2.6860001                     -0.99324578
               2.6889999                     -0.98289733
               2.6919999                     -0.97309691
               2.6949999                     -0.96382993
                   2.698                      -0.9550786
                   2.701                     -0.94682392
                   2.704                      -0.9390454
                   2.707                     -0.93172091
                    2.71                      -0.9248275
               2.7130001                     -0.91833986
               2.7160001                     -0.91223227
               2.7190001                     -0.90647746
               2.7219999                     -0.90104856
               2.7249999                     -0.89591646
               2.7279999                     -0.89105202
               2.7309999                     -0.88642669
                   2.734                     -0.88201081
                   2.737                     -0.87777574
                    2.74                     -0.87369231
                   2.743                     -0.86973264
               2.7460001                     -0.86586797
               2.7490001                     -0.86207191
               2.7520001                     -0.85831939
               2.7550001                     -0.85458422
               2.7579999                      -0.8508445
               2.7609999                     -0.84707806
               2.7639999                     -0.84326507
                   2.767                     -0.83938751
                    2.77                     -0.83542882
                   2.773                      -0.8313748
                   2.776                     -0.82721477
                   2.779                      -0.8229363
               2.7820001                     -0.81853538
               2.7850001                      -0.8140037
               2.7880001                     -0.80934057
               2.7909999                     -0.80454418
               2.7939999                     -0.79961626
               2.7969999                     -0.79456148
                     2.8                     -0.78938551
                   2.803                     -0.78409661
                   2.806                     -0.77870432
                   2.809                     -0.77322224
                   2.812                     -0.76766278
               2.8150001                     -0.76204209
               2.8180001                     -0.75637639
               2.8210001                     -0.75068304
               2.8239999                       -0.744983
               2.8269999                     -0.73929532
               2.8299999                      -0.7336405
               2.8329999                     -0.72804061
                   2.836                     -0.72251621
                   2.839                     -0.71708849
                   2.842                     -0.71178108
                   2.845                     -0.70661448
                   2.848                     -0.70160863
               2.8510001                     -0.69678377
               2.8540001                     -0.69216086
               2.8570001                     -0.68775597
               2.8599999                     -0.68358821
               2.8629999                     -0.67967198
               2.8659999                     -0.67602258
                   2.869                     -0.67265219
                   2.872                     -0.66957246
                   2.875                      -0.6667921
                   2.878                     -0.66431861
                   2.881                     -0.66215816
               2.8840001                     -0.66031327
               2.8870001                     -0.65878581
               2.8900001                     -0.65757568
               2.8929999                     -0.65667916
               2.8959999                     -0.65609069
               2.8989999                     -0.65580561
                   2.902                     -0.65581283
                   2.905                     -0.65610315
                   2.908                     -0.65666281
                   2.911                     -0.65747781
                   2.914                     -0.65853158
               2.9170001                     -0.65980594
               2.9200001                     -0.66128303
               2.9230001                     -0.66294161
               2.9260001                     -0.66475866
               2.9289999                     -0.66671354
               2.9319999                     -0.66878228
               2.9349999                     -0.67093981
                   2.938                     -0.67316241
                   2.941                      -0.6754248
                   2.944                     -0.67770294
                   2.947                     -0.67997218
                    2.95                     -0.68220771
               2.9530001                     -0.68438659
               2.9560001                     -0.68648511
               2.9590001                     -0.68848263
               2.9619999                     -0.69035863
               2.9649999                     -0.69209362
               2.9679999                     -0.69366921
                   2.971                     -0.69506986
                   2.974                      -0.6962818
                   2.977                     -0.69729335
                    2.98                     -0.69809436
                   2.983                     -0.69867592
               2.9860001                     -0.69903502
               2.9890001                     -0.69916684
               2.9920001                     -0.69907177
               2.9949999                     -0.69875075
               2.9979999                     -0.69820757
               3.0009999                     -0.69745009
               3.0039999                     -0.69648762
                   3.007                     -0.69533081
                    3.01                     -0.69399186
                   3.013                     -0.69248832
                   3.016                     -0.69083577
               3.0190001                     -0.68905473
               3.0220001                     -0.68716537
               3.0250001                     -0.68518985
               3.0280001                     -0.68315265
               3.0309999                     -0.68107796
               3.0339999                     -0.67899184
               3.0369999                      -0.6769191
                    3.04                     -0.67488731
                   3.043                     -0.67292358
                   3.046                     -0.67105426
                   3.049                     -0.66930531
                   3.052                     -0.66770418
               3.0550001                     -0.66627537
               3.0580001                     -0.66504388
               3.0610001                     -0.66403246
               3.0639999                     -0.66326351
               3.0669999                      -0.6627572
               3.0699999                     -0.66253284
                   3.073                     -0.66260803
                   3.076                     -0.66299767
                   3.079                      -0.6637138
                   3.082                     -0.66476799
                   3.085                     -0.66616854
               3.0880001                     -0.66792098
               3.0910001                     -0.67002972
               3.0940001                     -0.67249535
               3.0969999                     -0.67531633
               3.0999999                      -0.6784871
               3.1029999                     -0.68200255
               3.1059999                     -0.68585286
                   3.109                     -0.69002613
                   3.112                     -0.69450835
                   3.115                     -0.69928265
                   3.118                     -0.70432933
               3.1210001                     -0.70962877
               3.1240001                     -0.71515682
               3.1270001                     -0.72088971
               3.1300001                     -0.72679964
               3.1329999                     -0.73286014
               3.1359999                     -0.73904182
               3.1389999                     -0.74531412
                   3.142                     -0.75164717
                   3.145                     -0.75800919
                   3.148                     -0.76436847
                   3.151                     -0.77069441
                   3.154                     -0.77695482
               3.1570001                     -0.78312089
               3.1600001                     -0.78916212
               3.1630001                     -0.79504995
               3.1659999                     -0.80075905
               3.1689999                     -0.80626275
               3.1719999                     -0.81153854
                   3.175                     -0.81656662
                   3.178                     -0.82132697
                   3.181                      -0.8258064
                   3.184                     -0.82998989
                   3.187                      -0.8338691
               3.1900001                     -0.83743833
               3.1930001                     -0.84069374
               3.1960001                     -0.84363512
               3.1989999                     -0.84626838
               3.2019999                     -0.84859841
               3.2049999                     -0.85063873
               3.2079999                     -0.85240225
                   3.211                     -0.85390649
                   3.214                     -0.85517441
                   3.217                     -0.85622907
                    3.22                     -0.85709763
                   3.223                     -0.85781026
               3.2260001                     -0.85840095
               3.2290001                     -0.85890344
               3.2320001                     -0.85935577
               3.2349999                     -0.85979748
               3.2379999                     -0.86026758
               3.2409999                     -0.86080896
                   3.244                     -0.86146493
                   3.247                     -0.86227851
                    3.25                     -0.86329269
                   3.253                     -0.86455212
                   3.256                     -0.86609921
               3.2590001                     -0.86797709
               3.2620001                     -0.87022766
               3.2650001                     -0.87288963
               3.2679999                     -0.87600333
               3.2709999                     -0.87960348
               3.2739999                     -0.88372544
                   3.277                     -0.88840185
                    3.28                     -0.89365941
                   3.283                     -0.89952571
                   3.286                     -0.90602403
                   3.289                      -0.9131726
               3.2920001                     -0.92098781
               3.2950001                     -0.92948225
               3.2980001                      -0.9386636
               3.3010001                     -0.94853565
               3.3039999                     -0.95910009
               3.3069999                     -0.97035217
               3.3099999                     -0.98228493
                   3.313                     -0.99488533
                   3.316                       -1.008138
                   3.319                      -1.0220226
                   3.322                      -1.0365149
                   3.325                      -1.0515878
               3.3280001                      -1.0672098
               3.3310001                      -1.0833464
               3.3340001                      -1.0999589
               3.3369999                       -1.117008
               3.3399999                      -1.1344505
               3.3429999                      -1.1522398
                   3.346                      -1.1703296
                   3.349                      -1.1886719
                   3.352                      -1.2072161
                   3.355                      -1.2259136
                   3.358                      -1.2447143
               3.3610001                      -1.2635687
               3.3640001                      -1.2824298
               3.3670001                      -1.3012501
               3.3699999                      -1.3199873
               3.3729999                      -1.3386011
               3.3759999                       -1.357053
               3.3789999                      -1.3753113
                   3.382                       -1.393348
                   3.385                      -1.4111406
                   3.388                      -1.4286716
                   3.391                      -1.4459321
               3.3940001                      -1.4629183
               3.3970001                      -1.4796356
               3.4000001                      -1.4960948
               3.4030001                      -1.5123175
               3.4059999                      -1.5283317
               3.4089999                      -1.5441754
               3.4119999                      -1.5598938
                   3.415                      -1.5755428
                   3.418                       -1.591188
                   3.421                       -1.606901
                   3.424                      -1.6227644
                   3.427                      -1.6388693
               3.4300001                      -1.6553148
               3.4330001                      -1.6722083
               3.4360001                      -1.6896666
               3.4389999                      -1.7078132
               3.4419999                      -1.7267784
               3.4449999                      -1.7467015
                   3.448                       -1.767727
                   3.451                      -1.7900048
                   3.454                      -1.8136936
                   3.457                      -1.8389554
                    3.46                      -1.8659588
               3.4630001                       -1.894877
               3.4660001                      -1.9258867
               3.4690001                       -1.959173
               3.4719999                      -1.9949209
               3.4749999                      -2.0333201
               3.4779999                      -2.0745675
               3.4809999                      -2.1188611
                   3.484                      -2.1664039
                   3.487                      -2.2174029
                    3.49                      -2.2720703
                   3.493                      -2.3306189
               3.4960001                      -2.3932713
               3.4990001                      -2.4602535
               3.5020001                       -2.531795
               3.5050001                      -2.6081321
               3.5079999                      -2.6895089
               3.5109999                      -2.7761769
               3.5139999                      -2.8683954
                   3.517                      -2.9664311
                    3.52                       -3.070563
                   3.523                      -3.1810801
                   3.526                       -3.298286
                   3.529                      -3.4224951
               3.5320001                      -3.5540417
               3.5350001                      -3.6932744
               3.5380001                       -3.840565
               3.5409999                       -3.996306
               3.5439999                      -4.1609137
               3.5469999                      -4.3348348
                    3.55                      -4.5185479
                   3.553                      -4.7125686
                   3.556                      -4.9174492
                   3.559                      -5.1337926
                   3.562                      -5.3622502
               3.5650001                      -5.6035365
               3.5680001                       -5.858428
               3.5710001                      -6.1277831
               3.5739999                       -6.412544
               3.5769999                      -6.7137562
               3.5799999                      -7.0325804
               3.5829999                      -7.3703073
                   3.586                      -7.7283854
                   3.589                      -8.1084382
                   3.592                      -8.5122932
                   3.595                       -8.942016
                   3.598                      -9.3999436
               3.6010001                      -9.8887263
               3.6040001                      -10.411364
               3.6070001                      -10.971248
               3.6099999                      -11.572178
               3.6129999                      -12.218351
               3.6159999                      -12.914261
                   3.619                      -13.664437
                   3.622                      -14.472837
                   3.625                      -15.341566
                   3.628                        -16.2683
                   3.631                      -17.241308
               3.6340001                      -18.230544
               3.6370001                      -19.174104
               3.6400001                      -19.965202
               3.6429999                      -20.460023
               3.6459999                      -20.534434
               3.6489999                      -20.167084
                   3.652                      -19.456456
                   3.655                      -18.548826
                   3.658                      -17.565909
                   3.661                      -16.583289
                   3.664                      -15.639775
               3.6670001                      -14.751891
               3.6700001                      -13.924348
               3.6730001                       -13.15613
               3.6760001                       -12.44371
               3.6789999                      -11.782672
               3.6819999                      -11.168483
               3.6849999                      -10.596845
                   3.688                      -10.063841
                   3.691                      -9.5659604
                   3.694                      -9.1000935
                   3.697                      -8.6634955
                     3.7                      -8.2537447
               3.7030001                       -7.868706
               3.7060001                      -7.5064922
               3.7090001                        -7.16543
               3.7119999                      -6.8440328
               3.7149999                      -6.5409742
               3.7179999                      -6.2550663
                   3.721                      -5.9852444
                   3.724                      -5.7305462
                   3.727                      -5.4901036
                    3.73                      -5.2631239
                   3.733                      -5.0488904
               3.7360001                       -4.846742
               3.7390001                      -4.6560765
               3.7420001                       -4.476336
               3.7449999                      -4.3070052
               3.7479999                       -4.147605
               3.7509999                      -3.9976897
               3.7539999                      -3.8568426
                   3.757                      -3.7246699
                    3.76                      -3.6008028
                   3.763                      -3.4848916
                   3.766                      -3.3766022
               3.7690001                      -3.2756167
               3.7720001                      -3.1816305
               3.7750001                      -3.0943494
               3.7780001                      -3.0134901
               3.7809999                      -2.9387769
               3.7839999                       -2.869943
               3.7869999                      -2.8067239
                    3.79                       -2.748863
                   3.793                      -2.6961076
                   3.796                      -2.6482085
                   3.799                      -2.6049164
                   3.802                       -2.565987
               3.8050001                      -2.5311764
               3.8080001                      -2.5002398
               3.8110001                      -2.4729361
               3.8139999                      -2.4490232
               3.8169999                        -2.42826
               3.8199999                      -2.4104037
                   3.823                      -2.3952163
                   3.826                      -2.3824562
                   3.829                      -2.3718848
                   3.832                       -2.363264
                   3.835                       -2.356361
               3.8380001                      -2.3509412
               3.8410001                      -2.3467767
               3.8440001                      -2.3436418
               3.8469999                      -2.3413166
               3.8499999                      -2.3395893
               3.8529999                      -2.3382525
               3.8559999                      -2.3371088
                   3.859                      -2.3359702
                   3.862                      -2.3346586
                   3.865                      -2.3330082
                   3.868                      -2.3308656
               3.8710001                      -2.3280913
               3.8740001                      -2.3245599
               3.8770001                      -2.3201643
               3.8800001                      -2.3148085
               3.8829999                      -2.3084169
               3.8859999                       -2.300931
               3.8889999                      -2.2923068
                   3.892                      -2.2825197
                   3.895                      -2.2715607
                   3.898                        -2.25944
                   3.901                       -2.246181
                   3.904                      -2.2318232
               3.9070001                      -2.2164223
               3.9100001                       -2.200047
               3.9130001                      -2.1827763
               3.9159999                      -2.1647027
               3.9189999                      -2.1459273
               3.9219999                      -2.1265622
                   3.925                      -2.1067236
                   3.928                      -2.0865359
                   3.931                      -2.0661269
                   3.934                      -2.0456273
                   3.937                      -2.0251721
               3.9400001                      -2.0048929
               3.9430001                      -1.9849234
               3.9460001                      -1.9653953
               3.9489999                       -1.946437
               3.9519999                      -1.9281736
               3.9549999                      -1.9107246
               3.9579999                      -1.8942047
                   3.961                      -1.8787232
                   3.964                      -1.8643829
                   3.967                      -1.8512769
                    3.97                      -1.8394946
                   3.973                      -1.8291128
               3.9760001                      -1.8202022
               3.9790001                      -1.8128249
               3.9820001                      -1.8070338
               3.9849999                      -1.8028709
               3.9879999                      -1.8003717
               3.9909999                      -1.7995605
                   3.994                      -1.8004518
                   3.997                      -1.8030509
                       4                      -1.8073542

