        Frequency / GHz                S1,1/abs,dB
----------------------------------------------------------------------
                       1                     -0.20950535
                   1.003                     -0.21265539
                   1.006                     -0.21419797
               1.0089999                     -0.21414374
                   1.012                     -0.21253095
                   1.015                     -0.20942603
                   1.018                     -0.20492074
                   1.021                     -0.19912993
                   1.024                     -0.19218945
                   1.027                     -0.18425206
                    1.03                     -0.17548505
                   1.033                     -0.16606848
                   1.036                     -0.15618666
                   1.039                     -0.14603088
               1.0420001                     -0.13579083
                   1.045                     -0.12565395
                   1.048                     -0.11580228
                   1.051                     -0.10640851
                   1.054                    -0.097634417
                   1.057                    -0.089629038
               1.0599999                     -0.08252366
                   1.063                    -0.076433655
                   1.066                    -0.071455731
                   1.069                    -0.067667186
                   1.072                    -0.065124342
                   1.075                    -0.063862881
               1.0779999                    -0.063897785
                   1.081                    -0.065222882
                   1.084                    -0.067812402
                   1.087                    -0.071619191
                    1.09                     -0.07658012
               1.0930001                    -0.082610435
                   1.096                    -0.089613351
                   1.099                    -0.097474794
                   1.102                      -0.1060694
                   1.105                     -0.11526014
                   1.108                     -0.12490312
               1.1109999                     -0.13484554
                   1.114                     -0.14493448
                   1.117                     -0.15501238
                    1.12                     -0.16492726
                   1.123                     -0.17452673
                   1.126                     -0.18366998
               1.1289999                     -0.19222005
                   1.132                     -0.20005756
                   1.135                     -0.20707049
                   1.138                     -0.21316739
                   1.141                     -0.21827155
               1.1440001                     -0.22232404
                   1.147                     -0.22528767
                    1.15                      -0.2271425
                   1.153                     -0.22788916
                   1.156                     -0.22754883
                   1.159                     -0.22616182
               1.1619999                     -0.22378511
                   1.165                     -0.22049146
                   1.168                     -0.21637198
                   1.171                     -0.21152932
                   1.174                      -0.2060751
                   1.177                     -0.20013167
               1.1799999                     -0.19382809
                   1.183                      -0.1872967
                   1.186                     -0.18067136
                   1.189                     -0.17408581
                   1.192                      -0.1676709
               1.1950001                      -0.1615509
                   1.198                     -0.15584625
                   1.201                     -0.15066595
                   1.204                     -0.14610875
                   1.207                     -0.14226436
                    1.21                     -0.13920602
               1.2130001                     -0.13699608
                   1.216                     -0.13568059
                   1.219                     -0.13529124
                   1.222                     -0.13584524
                   1.225                     -0.13734397
                   1.228                     -0.13977281
               1.2309999                     -0.14310422
                   1.234                      -0.1472953
                   1.237                     -0.15229064
                    1.24                     -0.15802192
                   1.243                     -0.16441019
               1.2460001                     -0.17136712
                   1.249                     -0.17879492
                   1.252                     -0.18658902
                   1.255                     -0.19464196
                   1.258                     -0.20284068
                   1.261                     -0.21107186
               1.2640001                     -0.21922275
                   1.267                     -0.22718244
                    1.27                      -0.2348455
                   1.273                     -0.24211167
                   1.276                     -0.24888909
                   1.279                     -0.25509399
               1.2819999                     -0.26065637
                   1.285                     -0.26551438
                   1.288                     -0.26962317
                   1.291                     -0.27294797
                   1.294                     -0.27547129
               1.2970001                     -0.27718854
                     1.3                     -0.27810912
                   1.303                      -0.2782579
                   1.306                     -0.27767213
                   1.309                      -0.2764018
                   1.312                     -0.27451048
               1.3150001                     -0.27206766
                   1.318                     -0.26915601
                   1.321                       -0.265864
                   1.324                      -0.2622848
                   1.327                     -0.25851682
                    1.33                      -0.2546594
               1.3329999                     -0.25081443
                   1.336                     -0.24707965
                   1.339                     -0.24355294
                   1.342                     -0.24032595
                   1.345                     -0.23748488
                   1.348                     -0.23510966
                   1.351                     -0.23327134
                   1.354                     -0.23203055
                   1.357                     -0.23143996
                    1.36                      -0.2315391
                   1.363                     -0.23235964
               1.3660001                     -0.23391726
                   1.369                     -0.23621986
                   1.372                     -0.23926228
                   1.375                     -0.24302567
                   1.378                     -0.24748418
                   1.381                     -0.25259801
               1.3839999                     -0.25831898
                   1.387                     -0.26459075
                    1.39                     -0.27134605
                   1.393                     -0.27851321
                   1.396                      -0.2860138
                   1.399                     -0.29376494
                   1.402                     -0.30168117
                   1.405                     -0.30967367
                   1.408                     -0.31765603
                   1.411                     -0.32554074
                   1.414                     -0.33324433
               1.4170001                     -0.34068618
                    1.42                     -0.34779366
                   1.423                     -0.35449802
                   1.426                     -0.36074002
                   1.429                      -0.3664691
                   1.432                     -0.37164457
               1.4349999                     -0.37623631
                   1.438                     -0.38022395
                   1.441                      -0.3836007
                   1.444                     -0.38636819
                   1.447                     -0.38854251
                    1.45                     -0.39014696
               1.4529999                     -0.39121852
                   1.456                     -0.39180113
                   1.459                      -0.3919491
                   1.462                      -0.3917245
                   1.465                     -0.39119439
               1.4680001                     -0.39043224
                   1.471                     -0.38951656
                   1.474                     -0.38852584
                   1.477                     -0.38754278
                    1.48                     -0.38664791
                   1.483                     -0.38592198
               1.4859999                     -0.38544064
                   1.489                     -0.38527894
                   1.492                      -0.3855045
                   1.495                     -0.38617962
                   1.498                     -0.38735904
                   1.501                      -0.3890912
               1.5039999                     -0.39141467
                   1.507                     -0.39436011
                    1.51                     -0.39794804
                   1.513                      -0.4021911
                   1.516                     -0.40708945
               1.5190001                     -0.41263642
                   1.522                     -0.41881328
                   1.525                     -0.42559636
                   1.528                     -0.43294911
                   1.531                     -0.44082874
                   1.534                     -0.44918651
               1.5369999                      -0.4579646
                    1.54                     -0.46710267
                   1.543                     -0.47653356
                   1.546                     -0.48618719
                   1.549                     -0.49599293
                   1.552                     -0.50587682
               1.5549999                     -0.51576603
                   1.558                     -0.52558943
                   1.561                     -0.53528036
                   1.564                     -0.54477191
                   1.567                     -0.55400563
               1.5700001                     -0.56292669
                   1.573                     -0.57148905
                   1.576                     -0.57965416
                   1.579                     -0.58739075
                   1.582                     -0.59467794
                   1.585                     -0.60150353
               1.5880001                     -0.60786477
                   1.591                     -0.61376877
                   1.594                     -0.61923176
                   1.597                     -0.62428109
                     1.6                      -0.6289499
                   1.603                     -0.63328109
               1.6059999                      -0.6373265
                   1.609                     -0.64114023
                   1.612                     -0.64478653
                   1.615                     -0.64833028
                   1.618                     -0.65184391
               1.6210001                     -0.65539949
                   1.624                     -0.65906861
                   1.627                     -0.66292581
                    1.63                     -0.66704471
                   1.633                     -0.67149307
                   1.636                     -0.67633905
               1.6390001                     -0.68164437
                   1.642                     -0.68746581
                   1.645                     -0.69385449
                   1.648                     -0.70085484
                   1.651                     -0.70850347
                   1.654                     -0.71682848
               1.6569999                     -0.72585176
                    1.66                     -0.73558548
                   1.663                     -0.74603403
                   1.666                     -0.75719262
                   1.669                     -0.76904914
               1.6720001                     -0.78158181
                   1.675                     -0.79476362
                   1.678                     -0.80855854
                   1.681                     -0.82292439
                   1.684                     -0.83781485
                   1.687                     -0.85317658
               1.6900001                     -0.86895464
                   1.693                     -0.88508798
                   1.696                     -0.90151728
                   1.699                     -0.91817878
                   1.702                      -0.9350133
                   1.705                     -0.95195873
               1.7079999                     -0.96895824
                   1.711                     -0.98595653
                   1.714                      -1.0029053
                   1.717                      -1.0197614
                    1.72                      -1.0364873
                   1.723                      -1.0530539
                   1.726                      -1.0694391
                   1.729                      -1.0856302
                   1.732                      -1.1016231
                   1.735                      -1.1174246
                   1.738                      -1.1330484
               1.7410001                      -1.1485198
                   1.744                      -1.1638719
                   1.747                      -1.1791478
                    1.75                      -1.1943985
                   1.753                      -1.2096828
                   1.756                      -1.2250655
               1.7589999                      -1.2406207
                   1.762                      -1.2564238
                   1.765                      -1.2725576
                   1.768                      -1.2891071
                   1.771                      -1.3061597
                   1.774                      -1.3238031
                   1.777                      -1.3421271
                    1.78                      -1.3612189
                   1.783                      -1.3811643
                   1.786                      -1.4020469
                   1.789                       -1.423945
               1.7920001                      -1.4469349
                   1.795                      -1.4710843
                   1.798                      -1.4964583
                   1.801                      -1.5231152
                   1.804                       -1.551105
                   1.807                      -1.5804721
               1.8099999                      -1.6112542
                   1.813                      -1.6434807
                   1.816                      -1.6771743
                   1.819                       -1.712352
                   1.822                      -1.7490234
                   1.825                      -1.7871916
               1.8279999                      -1.8268565
                   1.831                      -1.8680119
                   1.834                      -1.9106465
                   1.837                      -1.9547493
                    1.84                      -2.0003046
               1.8430001                      -2.0472971
                   1.846                      -2.0957101
                   1.849                       -2.145531
                   1.852                      -2.1967495
                   1.855                      -2.2493577
                   1.858                      -2.3033545
               1.8609999                      -2.3587453
                   1.864                      -2.4155436
                   1.867                      -2.4737726
                    1.87                      -2.5334663
                   1.873                      -2.5946687
                   1.876                      -2.6574388
               1.8789999                      -2.7218486
                   1.882                      -2.7879837
                   1.885                      -2.8559491
                   1.888                      -2.9258592
                   1.891                      -2.9978501
               1.8940001                      -3.0720743
                   1.897                      -3.1486999
                     1.9                      -3.2279124
                   1.903                      -3.3099155
                   1.906                      -3.3949294
                   1.909                      -3.4831908
               1.9119999                      -3.5749553
                   1.915                      -3.6704913
                   1.918                       -3.770088
                   1.921                      -3.8740459
                   1.924                      -3.9826846
                   1.927                      -4.0963358
               1.9299999                      -4.2153493
                   1.933                      -4.3400863
                   1.936                      -4.4709252
                   1.939                      -4.6082559
                   1.942                      -4.7524841
               1.9450001                      -4.9040327
                   1.948                      -5.0633326
                   1.951                      -5.2308328
                   1.954                      -5.4069964
                   1.957                       -5.592298
                    1.96                      -5.7872275
               1.9630001                      -5.9922854
                   1.966                      -6.2079829
                   1.969                      -6.4348416
                   1.972                      -6.6733855
                   1.975                      -6.9241413
                   1.978                      -7.1876247
               1.9809999                      -7.4643366
                   1.984                      -7.7547411
                   1.987                      -8.0592521
                    1.99                      -8.3781997
                   1.993                      -8.7117925
               1.9960001                      -9.0600622
                   1.999                      -9.4227963
               2.0020001                       -9.799434
               2.0050001                      -10.188944
               2.0079999                      -10.589654
               2.0109999                      -10.999041
               2.0139999                      -11.413475
                   2.017                      -11.827924
                    2.02                      -12.235652
                   2.023                      -12.627957
                   2.026                      -12.994076
                   2.029                      -13.321374
               2.0320001                      -13.596007
               2.0350001                      -13.804156
               2.0380001                      -13.933777
               2.0409999                      -13.976529
               2.0439999                      -13.929324
               2.0469999                      -13.794948
                    2.05                      -13.581499
                   2.053                      -13.300866
                   2.056                      -12.966811
                   2.059                      -12.593194
                   2.062                      -12.192716
               2.0650001                      -11.776229
               2.0680001                      -11.352523
               2.0710001                      -10.928416
               2.0739999                      -10.509008
               2.0769999                      -10.097984
               2.0799999                      -9.6979096
               2.0829999                        -9.31049
                   2.086                      -8.9367831
                   2.089                      -8.5773702
                   2.092                      -8.2324833
                   2.095                      -7.9021069
                   2.098                      -7.5860479
               2.1010001                      -7.2839926
               2.1040001                      -6.9955473
               2.1070001                      -6.7202661
               2.1099999                      -6.4576714
               2.1129999                      -6.2072717
               2.1159999                      -5.9685681
                   2.119                      -5.7410666
                   2.122                      -5.5242799
                   2.125                      -5.3177349
                   2.128                      -5.1209667
                   2.131                      -4.9335286
               2.1340001                      -4.7549918
               2.1370001                       -4.584939
               2.1400001                      -4.4229714
               2.1429999                      -4.2687031
               2.1459999                       -4.121768
               2.1489999                      -3.9818107
                   2.152                      -3.8484905
                   2.155                      -3.7214829
                   2.158                      -3.6004757
                   2.161                      -3.4851672
                   2.164                      -3.3752703
               2.1670001                      -3.2705108
               2.1700001                      -3.1706241
               2.1730001                      -3.0753558
               2.1760001                      -2.9844661
               2.1789999                      -2.8977219
               2.1819999                      -2.8149009
               2.1849999                      -2.7357936
                   2.188                      -2.6601979
                   2.191                      -2.5879217
                   2.194                      -2.5187814
                   2.197                      -2.4526045
                     2.2                      -2.3892246
               2.2030001                      -2.3284868
               2.2060001                      -2.2702425
               2.2090001                      -2.2143508
               2.2119999                      -2.1606828
               2.2149999                       -2.109112
               2.2179999                      -2.0595222
                   2.221                      -2.0118061
                   2.224                      -1.9658593
                   2.227                       -1.921588
                    2.23                      -1.8789005
                   2.233                      -1.8377167
               2.2360001                      -1.7979575
               2.2390001                      -1.7595521
               2.2420001                      -1.7224348
               2.2449999                      -1.6865439
               2.2479999                      -1.6518217
               2.2509999                      -1.6182176
               2.2539999                      -1.5856837
                   2.257                      -1.5541746
                    2.26                      -1.5236505
                   2.263                       -1.494073
                   2.266                      -1.4654098
               2.2690001                      -1.4376278
               2.2720001                      -1.4106986
               2.2750001                      -1.3845958
               2.2780001                      -1.3592938
               2.2809999                      -1.3347721
               2.2839999                      -1.3110086
               2.2869999                      -1.2879833
                    2.29                        -1.26568
                   2.293                      -1.2440803
                   2.296                      -1.2231696
                   2.299                      -1.2029329
                   2.302                      -1.1833562
               2.3050001                      -1.1644245
               2.3080001                      -1.1461268
               2.3110001                      -1.1284498
               2.3139999                      -1.1113817
               2.3169999                      -1.0949099
               2.3199999                      -1.0790215
                   2.323                      -1.0637072
                   2.326                      -1.0489508
                   2.329                       -1.034743
                   2.332                      -1.0210703
                   2.335                        -1.00792
               2.3380001                     -0.99527759
               2.3410001                     -0.98312951
               2.3440001                      -0.9714617
               2.3469999                      -0.9602603
               2.3499999                      -0.9495082
               2.3529999                     -0.93918986
               2.3559999                     -0.92928798
                   2.359                     -0.91978652
                   2.362                     -0.91066675
                   2.365                     -0.90190995
                   2.368                     -0.89349828
               2.3710001                     -0.88541281
               2.3740001                     -0.87763206
               2.3770001                     -0.87013807
               2.3800001                      -0.8629097
               2.3829999                     -0.85592739
               2.3859999                     -0.84917108
               2.3889999                     -0.84262099
                   2.392                     -0.83625757
                   2.395                      -0.8300629
                   2.398                     -0.82401725
                   2.401                       -0.818104
                   2.404                     -0.81230715
               2.4070001                     -0.80661113
               2.4100001                     -0.80100132
               2.4130001                      -0.7954656
               2.4159999                      -0.7899916
               2.4189999                     -0.78457217
               2.4219999                      -0.7791972
                   2.425                     -0.77386144
                   2.428                     -0.76856167
                   2.431                     -0.76329381
                   2.434                      -0.7580585
                   2.437                     -0.75285811
               2.4400001                     -0.74769396
               2.4430001                     -0.74257166
               2.4460001                     -0.73749905
               2.4489999                     -0.73248404
               2.4519999                     -0.72753525
               2.4549999                     -0.72266428
               2.4579999                     -0.71788338
                   2.461                     -0.71320545
                   2.464                     -0.70864296
                   2.467                     -0.70421138
                    2.47                      -0.6999229
                   2.473                     -0.69579202
               2.4760001                     -0.69183396
               2.4790001                     -0.68805968
               2.4820001                     -0.68448148
               2.4849999                     -0.68111028
               2.4879999                       -0.677957
               2.4909999                     -0.67502872
                   2.494                     -0.67233253
                   2.497                     -0.66987182
                     2.5                     -0.66765055
                   2.503                     -0.66566828
                   2.506                     -0.66392275
               2.5090001                     -0.66241166
               2.5120001                     -0.66112614
               2.5150001                     -0.66005883
               2.5179999                     -0.65920057
               2.5209999                     -0.65853492
               2.5239999                     -0.65804941
                   2.527                     -0.65772635
                    2.53                     -0.65754781
                   2.533                     -0.65749395
                   2.536                     -0.65754318
                   2.539                     -0.65767486
               2.5420001                     -0.65786583
               2.5450001                     -0.65809382
               2.5480001                     -0.65833702
               2.5510001                     -0.65857168
               2.5539999                     -0.65877882
               2.5569999                      -0.6589375
               2.5599999                     -0.65902829
                   2.563                     -0.65903541
                   2.566                     -0.65894384
                   2.569                     -0.65874095
                   2.572                     -0.65841712
                   2.575                     -0.65796519
               2.5780001                     -0.65738024
               2.5810001                     -0.65666217
               2.5840001                     -0.65581182
               2.5869999                     -0.65483402
               2.5899999                     -0.65373842
               2.5929999                     -0.65253351
                   2.596                     -0.65123544
                   2.599                     -0.64986008
                   2.602                     -0.64842571
                   2.605                      -0.6469536
                   2.608                     -0.64546681
               2.6110001                     -0.64398928
               2.6140001                      -0.6425477
               2.6170001                     -0.64116643
               2.6199999                     -0.63987358
               2.6229999                      -0.6386936
               2.6259999                     -0.63765451
               2.6289999                     -0.63677938
                   2.632                     -0.63609218
                   2.635                     -0.63561506
                   2.638                     -0.63536644
                   2.641                     -0.63536342
               2.6440001                     -0.63562022
               2.6470001                     -0.63614788
               2.6500001                      -0.6369536
               2.6530001                     -0.63804176
               2.6559999                     -0.63941175
               2.6589999                     -0.64106159
               2.6619999                      -0.6429828
                   2.665                     -0.64516518
                   2.668                     -0.64759508
                   2.671                     -0.65025233
                   2.674                     -0.65311814
                   2.677                      -0.6561675
               2.6800001                     -0.65937269
               2.6830001                     -0.66270599
               2.6860001                     -0.66613639
               2.6889999                     -0.66963088
               2.6919999                      -0.6731571
               2.6949999                     -0.67668222
                   2.698                     -0.68017201
                   2.701                     -0.68359469
                   2.704                     -0.68691796
                   2.707                     -0.69011536
                    2.71                     -0.69315759
               2.7130001                     -0.69602155
               2.7160001                     -0.69868785
               2.7190001                     -0.70113751
               2.7219999                     -0.70335995
               2.7249999                     -0.70534638
               2.7279999                     -0.70709292
               2.7309999                      -0.7086021
                   2.734                     -0.70988033
                   2.737                     -0.71093758
                    2.74                     -0.71179053
                   2.743                     -0.71246104
               2.7460001                     -0.71297346
               2.7490001                     -0.71335703
               2.7520001                     -0.71364491
               2.7550001                      -0.7138734
               2.7579999                     -0.71408195
               2.7609999                     -0.71431155
               2.7639999                     -0.71460296
                   2.767                     -0.71500194
                    2.77                      -0.7155512
                   2.773                     -0.71629261
                   2.776                     -0.71726895
                   2.779                      -0.7185213
               2.7820001                     -0.72008449
               2.7850001                     -0.72199517
               2.7880001                     -0.72428252
               2.7909999                     -0.72697362
               2.7939999                     -0.73008929
               2.7969999                     -0.73364731
                     2.8                     -0.73765717
                   2.803                     -0.74212455
                   2.806                     -0.74704896
                   2.809                     -0.75242348
                   2.812                     -0.75823624
               2.8150001                     -0.76446767
               2.8180001                     -0.77109323
               2.8210001                     -0.77808348
               2.8239999                     -0.78540448
               2.8269999                     -0.79301496
               2.8299999                     -0.80087344
               2.8329999                     -0.80893177
                   2.836                     -0.81714007
                   2.839                     -0.82544763
                   2.842                     -0.83380181
                   2.845                     -0.84215051
                   2.848                     -0.85044166
               2.8510001                     -0.85862394
               2.8540001                       -0.866651
               2.8570001                     -0.87447854
               2.8599999                     -0.88206815
               2.8629999                     -0.88938407
               2.8659999                     -0.89639901
                   2.869                     -0.90309275
                   2.872                     -0.90945171
                   2.875                     -0.91546965
                   2.878                     -0.92114863
                   2.881                     -0.92650056
               2.8840001                     -0.93154619
               2.8870001                     -0.93631316
               2.8900001                     -0.94084025
               2.8929999                     -0.94517228
               2.8959999                        -0.94936
               2.8989999                      -0.9534668
                   2.902                     -0.95755753
                   2.905                      -0.9617043
                   2.908                     -0.96598382
                   2.911                      -0.9704763
                   2.914                     -0.97526453
               2.9170001                     -0.98043327
               2.9200001                     -0.98606606
               2.9230001                     -0.99224738
               2.9260001                     -0.99905759
               2.9289999                      -1.0065765
               2.9319999                      -1.0148762
               2.9349999                      -1.0240269
                   2.938                      -1.0340919
                   2.941                      -1.0451233
                   2.944                      -1.0571711
                   2.947                      -1.0702721
                    2.95                       -1.084456
               2.9530001                      -1.0997436
               2.9560001                      -1.1161419
               2.9590001                      -1.1336508
               2.9619999                      -1.1522599
               2.9649999                      -1.1719467
               2.9679999                      -1.1926807
                   2.971                      -1.2144202
                   2.974                      -1.2371166
                   2.977                      -1.2607118
                    2.98                      -1.2851428
                   2.983                      -1.3103373
               2.9860001                      -1.3362223
               2.9890001                      -1.3627205
               2.9920001                      -1.3897532
               2.9949999                      -1.4172426
               2.9979999                      -1.4451133
               3.0009999                       -1.473296
               3.0039999                      -1.5017271
                   3.007                      -1.5303521
                    3.01                      -1.5591282
                   3.013                      -1.5880247
                   3.016                      -1.6170286
               3.0190001                      -1.6461431
               3.0220001                        -1.67539
               3.0250001                      -1.7048136
               3.0280001                      -1.7344796
               3.0309999                      -1.7644768
               3.0339999                      -1.7949201
               3.0369999                      -1.8259471
                    3.04                      -1.8577221
                   3.043                      -1.8904351
                   3.046                      -1.9243017
                   3.049                      -1.9595609
                   3.052                      -1.9964789
               3.0550001                      -2.0353437
               3.0580001                      -2.0764665
               3.0610001                      -2.1201805
               3.0639999                        -2.16684
               3.0669999                      -2.2168199
               3.0699999                       -2.270512
                   3.073                        -2.32833
                   3.076                      -2.3907024
                   3.079                      -2.4580758
                   3.082                      -2.5309141
                   3.085                      -2.6096996
               3.0880001                      -2.6949305
               3.0910001                      -2.7871255
               3.0940001                      -2.8868205
               3.0969999                      -2.9945742
               3.0999999                      -3.1109691
               3.1029999                      -3.2366129
               3.1059999                      -3.3721445
                   3.109                      -3.5182332
                   3.112                      -3.6755904
                   3.115                      -3.8449689
                   3.118                       -4.027175
               3.1210001                       -4.223071
               3.1240001                      -4.4335913
               3.1270001                      -4.6597476
               3.1300001                       -4.902648
               3.1329999                      -5.1635105
               3.1359999                      -5.4436821
               3.1389999                      -5.7446628
                   3.142                      -6.0681395
                   3.145                       -6.416014
                   3.148                      -6.7904525
                   3.151                      -7.1939372
                   3.154                      -7.6293403
               3.1570001                      -8.1000026
               3.1600001                      -8.6098515
               3.1630001                      -9.1635393
               3.1659999                      -9.7666272
               3.1689999                      -10.425818
               3.1719999                      -11.149255
                   3.175                      -11.946897
                   3.178                       -12.83094
                   3.181                      -13.816215
                   3.184                      -14.920244
                   3.187                       -16.16197
               3.1900001                      -17.556244
               3.1930001                      -19.095532
               3.1960001                      -20.697251
               3.1989999                      -22.088626
               3.2019999                      -22.736359
               3.2049999                      -22.253899
               3.2079999                      -20.940122
                   3.211                      -19.349189
                   3.214                         -17.795
                   3.217                      -16.380202
                    3.22                      -15.119119
                   3.223                      -13.998646
               3.2260001                      -12.999952
               3.2290001                      -12.105183
               3.2320001                      -11.299103
               3.2349999                      -10.569157
               3.2379999                      -9.9050941
               3.2409999                      -9.2985404
                   3.244                      -8.7426153
                   3.247                      -8.2316198
                    3.25                      -7.7607951
                   3.253                      -7.3261344
                   3.256                      -6.9242314
               3.2590001                      -6.5521683
               3.2620001                      -6.2074252
               3.2650001                      -5.8878076
               3.2679999                      -5.5913891
               3.2709999                      -5.3164703
               3.2739999                      -5.0615338
                   3.277                       -4.825219
                    3.28                      -4.6062999
                   3.283                      -4.4036587
                   3.286                      -4.2162711
                   3.289                      -4.0431917
               3.2920001                      -3.8835434
               3.2950001                      -3.7365062
               3.2980001                      -3.6013053
               3.3010001                      -3.4772122
               3.3039999                      -3.3635267
               3.3069999                       -3.259583
               3.3099999                      -3.1647382
                   3.313                        -3.07837
                   3.316                       -2.999876
                   3.319                        -2.92867
                   3.322                      -2.8641785
                   3.325                      -2.8058449
               3.3280001                      -2.7531198
               3.3310001                      -2.7054729
               3.3340001                      -2.6623827
               3.3369999                       -2.623343
               3.3399999                       -2.587864
               3.3429999                      -2.5554721
                   3.346                      -2.5257113
                   3.349                      -2.4981473
                   3.352                      -2.4723704
                   3.355                      -2.4479959
                   3.358                      -2.4246681
               3.3610001                      -2.4020591
               3.3640001                      -2.3798775
               3.3670001                      -2.3578631
               3.3699999                      -2.3357939
               3.3729999                      -2.3134852
               3.3759999                      -2.2907893
               3.3789999                      -2.2675963
                   3.382                      -2.2438351
                   3.385                       -2.219469
                   3.388                      -2.1944984
                   3.391                      -2.1689543
               3.3940001                      -2.1428997
               3.3970001                      -2.1164245
               3.4000001                      -2.0896402
               3.4030001                      -2.0626815
               3.4059999                         -2.0357
               3.4089999                      -2.0088579
               3.4119999                       -1.982328
                   3.415                      -1.9562881
                   3.418                      -1.9309193
                   3.421                      -1.9064002
                   3.424                      -1.8829052
                   3.427                      -1.8606017
               3.4300001                       -1.839646
               3.4330001                      -1.8201823
               3.4360001                      -1.8023421
               3.4389999                      -1.7862398
               3.4419999                       -1.771972
               3.4449999                      -1.7596173
                   3.448                      -1.7492345
                   3.451                      -1.7408615
                   3.454                      -1.7345179
                   3.457                      -1.7302006
                    3.46                      -1.7278878
               3.4630001                      -1.7275349
               3.4660001                      -1.7290792
               3.4690001                      -1.7324387
               3.4719999                      -1.7375142
               3.4749999                      -1.7441878
               3.4779999                      -1.7523262
               3.4809999                      -1.7617835
                   3.484                      -1.7724004
                   3.487                      -1.7840073
                    3.49                      -1.7964267
                   3.493                      -1.8094738
               3.4960001                      -1.8229633
               3.4990001                       -1.836705
               3.5020001                      -1.8505139
               3.5050001                       -1.864208
               3.5079999                      -1.8776121
               3.5109999                        -1.89056
               3.5139999                      -1.9029015
                   3.517                      -1.9144968
                    3.52                      -1.9252266
                   3.523                      -1.9349874
                   3.526                      -1.9436995
                   3.529                      -1.9513031
               3.5320001                       -1.957762
               3.5350001                      -1.9630632
               3.5380001                      -1.9672172
               3.5409999                      -1.9702572
               3.5439999                      -1.9722403
               3.5469999                      -1.9732437
                    3.55                      -1.9733636
                   3.553                      -1.9727151
                   3.556                      -1.9714298
                   3.559                      -1.9696496
                   3.562                      -1.9675316
               3.5650001                      -1.9652392
               3.5680001                       -1.962941
               3.5710001                      -1.9608101
               3.5739999                      -1.9590206
               3.5769999                      -1.9577437
               3.5799999                      -1.9571451
               3.5829999                      -1.9573881
                   3.586                      -1.9586238
                   3.589                      -1.9609945
                   3.592                      -1.9646297
                   3.595                      -1.9696467
                   3.598                      -1.9761484
               3.6010001                      -1.9842193
               3.6040001                      -1.9939307
               3.6070001                      -2.0053343
               3.6099999                       -2.018464
               3.6129999                      -2.0333378
               3.6159999                      -2.0499535
                   3.619                      -2.0682918
                   3.622                      -2.0883165
                   3.625                       -2.109972
                   3.628                      -2.1331895
                   3.631                      -2.1578799
               3.6340001                      -2.1839435
               3.6370001                      -2.2112655
               3.6400001                      -2.2397189
               3.6429999                      -2.2691642
               3.6459999                      -2.2994566
               3.6489999                      -2.3304427
                   3.652                      -2.3619624
                   3.655                      -2.3938552
                   3.658                       -2.425961
                   3.661                      -2.4581173
                   3.664                      -2.4901698
               3.6670001                      -2.5219714
               3.6700001                      -2.5533806
               3.6730001                      -2.5842701
               3.6760001                      -2.6145273
               3.6789999                      -2.6440535
               3.6819999                       -2.672768
               3.6849999                      -2.7006107
                   3.688                      -2.7275434
                   3.691                      -2.7535459
                   3.694                       -2.778624
                   3.697                      -2.8028059
                     3.7                      -2.8261403
               3.7030001                      -2.8487015
               3.7060001                      -2.8705825
               3.7090001                      -2.8918999
               3.7119999                      -2.9127864
               3.7149999                       -2.933396
               3.7179999                      -2.9538964
                   3.721                      -2.9744684
                   3.724                      -2.9953089
                   3.727                      -3.0166201
                    3.73                      -3.0386167
                   3.733                      -3.0615153
               3.7360001                       -3.085539
               3.7390001                      -3.1109116
               3.7420001                      -3.1378576
               3.7449999                      -3.1666005
               3.7479999                      -3.1973614
               3.7509999                      -3.2303552
               3.7539999                      -3.2657931
                   3.757                      -3.3038803
                    3.76                      -3.3448132
                   3.763                      -3.3887831
                   3.766                      -3.4359715
               3.7690001                      -3.4865491
               3.7720001                      -3.5406831
               3.7750001                      -3.5985255
               3.7780001                      -3.6602243
               3.7809999                      -3.7259153
               3.7839999                      -3.7957268
               3.7869999                      -3.8697779
                    3.79                      -3.9481805
                   3.793                      -4.0310363
                   3.796                      -4.1184395
                   3.799                      -4.2104788
                   3.802                      -4.3072326
               3.8050001                      -4.4087757
               3.8080001                      -4.5151737
               3.8110001                      -4.6264883
               3.8139999                      -4.7427734
               3.8169999                      -4.8640788
               3.8199999                      -4.9904505
                   3.823                       -5.121926
                   3.826                      -5.2585428
                   3.829                      -5.4003285
                   3.832                      -5.5473116
                   3.835                      -5.6995155
               3.8380001                      -5.8569556
               3.8410001                      -6.0196464
               3.8440001                      -6.1875995
               3.8469999                      -6.3608166
               3.8499999                      -6.5392994
               3.8529999                      -6.7230419
               3.8559999                       -6.912031
                   3.859                      -7.1062477
                   3.862                      -7.3056636
                   3.865                      -7.5102428
                   3.868                      -7.7199353
               3.8710001                      -7.9346803
               3.8740001                      -8.1544015
               3.8770001                      -8.3790032
               3.8800001                       -8.608373
               3.8829999                      -8.8423686
               3.8859999                      -9.0808249
               3.8889999                      -9.3235409
                   3.892                      -9.5702798
                   3.895                      -9.8207596
                   3.898                      -10.074652
                   3.901                      -10.331569
                   3.904                      -10.591058
               3.9070001                      -10.852597
               3.9100001                      -11.115577
               3.9130001                      -11.379304
               3.9159999                       -11.64298
               3.9189999                      -11.905701
               3.9219999                      -12.166448
                   3.925                      -12.424075
                   3.928                      -12.677314
                   3.931                       -12.92477
                   3.934                      -13.164925
                   3.937                      -13.396151
               3.9400001                      -13.616726
               3.9430001                       -13.82486
               3.9460001                      -14.018731
               3.9489999                      -14.196523
               3.9519999                      -14.356482
               3.9549999                      -14.496969
               3.9579999                       -14.61652
                   3.961                      -14.713898
                   3.964                      -14.788147
                   3.967                      -14.838632
                    3.97                      -14.865067
                   3.973                      -14.867513
               3.9760001                      -14.846386
               3.9790001                      -14.802415
               3.9820001                      -14.736617
               3.9849999                      -14.650241
               3.9879999                      -14.544713
               3.9909999                      -14.421589
                   3.994                      -14.282494
                   3.997                      -14.129081
                       4                      -13.962991

