        Frequency / GHz                VSWR1/abs,linear
----------------------------------------------------------------------
                       1                       82.922088
                   1.003                       81.693896
                   1.006                       81.105623
               1.0089999                       81.126161
                   1.012                       81.741722
                   1.015                       82.953495
                   1.018                       84.777094
                   1.021                       87.242233
                   1.024                       90.392516
                   1.027                        94.28622
                    1.03                       98.996298
                   1.033                        104.6093
                   1.036                       111.22747
                   1.039                       118.96243
               1.0420001                       127.93303
                   1.045                       138.25338
                   1.048                       150.01464
                   1.051                       163.25759
                   1.054                       177.92867
                   1.057                       193.82037
               1.0599999                       210.50823
                   1.063                       227.28066
                   1.066                       243.11384
                   1.069                       256.72513
                   1.072                       266.74912
                   1.075                       272.01807
               1.0779999                       271.86948
                   1.081                       266.34611
                   1.084                       256.17538
                   1.087                       242.55898
                    1.09                       226.84597
               1.0930001                       210.28712
                   1.096                        193.8543
                   1.099                       178.22004
                   1.102                       163.77951
                   1.105                       150.72022
                   1.108                       139.08443
               1.1109999                       128.82983
                   1.114                       119.86232
                   1.117                       112.07002
                    1.12                       105.33311
                   1.123                       99.539847
                   1.126                       94.585009
               1.1289999                       90.378126
                   1.132                       86.837745
                   1.135                       83.897044
                   1.138                       81.497695
                   1.141                        79.59211
               1.1440001                       78.141471
                   1.147                       77.113645
                    1.15                       76.484009
                   1.153                       76.233446
                   1.156                       76.347448
                   1.159                       76.815623
               1.1619999                       77.631349
                   1.165                       78.790863
                   1.168                       80.290792
                   1.171                       82.128747
                   1.174                       84.302249
                   1.177                       86.805591
               1.1799999                       89.628394
                   1.183                       92.753651
                   1.186                        96.15473
                   1.189                       99.791941
                   1.192                       103.60962
               1.1950001                        107.5344
                   1.198                       111.47041
                   1.201                       115.30286
                   1.204                       118.89903
                   1.207                       122.11187
                    1.21                       124.79454
               1.2130001                       126.80757
                   1.216                       128.03698
                   1.219                       128.40543
                   1.222                       127.88179
                   1.225                       126.48638
                   1.228                       124.28851
               1.2309999                       121.39524
                   1.234                       117.94128
                   1.237                       114.07283
                    1.24                       109.93575
                   1.243                       105.66437
               1.2460001                       101.37501
                   1.249                       97.163793
                   1.252                       93.105409
                   1.255                       89.253653
                   1.258                       85.646372
                   1.261                       82.306727
               1.2640001                       79.246802
                   1.267                       76.470564
                    1.27                       73.975603
                   1.273                       71.755748
                   1.276                       69.802048
                   1.279                       68.104419
               1.2819999                       66.651288
                   1.285                       65.431982
                   1.288                       64.435019
                   1.291                       63.650258
                   1.294                       63.067317
               1.2970001                       62.676667
                     1.3                       62.469233
                   1.303                       62.435837
                   1.306                       62.567529
                   1.309                       62.855037
                   1.312                       63.288022
               1.3150001                       63.856173
                   1.318                       64.546838
                   1.321                       65.345949
                   1.324                       66.237537
                   1.327                       67.202828
                    1.33                       68.220625
               1.3329999                       69.266296
                   1.336                       70.313159
                   1.339                       71.331175
                   1.342                       72.288853
                   1.345                       73.153547
                   1.348                       73.892498
                   1.351                       74.474743
                   1.354                       74.872953
                   1.357                       75.063992
                    1.36                       75.031854
                   1.363                       74.766923
               1.3660001                       74.269119
                   1.369                       73.545256
                   1.372                       72.610181
                   1.375                       71.485915
                   1.378                       70.198243
                   1.381                       68.777277
               1.3839999                        67.25429
                   1.387                       65.660355
                    1.39                       64.025963
                   1.393                       62.378613
                   1.396                       60.743044
                   1.399                         59.1406
                   1.402                       57.589028
                   1.405                       56.102992
                   1.408                       54.693485
                   1.411                       53.369088
                   1.414                       52.135651
               1.4170001                       50.997098
                    1.42                       49.955195
                   1.423                       49.010685
                   1.426                       48.162874
                   1.429                       47.410153
                   1.432                       46.750123
               1.4349999                       46.179741
                   1.438                       45.695579
                   1.441                       45.293459
                   1.444                       44.969136
                   1.447                       44.717567
                    1.45                       44.533732
               1.4529999                       44.411793
                   1.456                       44.345775
                   1.459                       44.329039
                   1.462                       44.354447
                   1.465                       44.414532
               1.4680001                       44.501203
                   1.471                       44.605781
                   1.474                       44.719485
                   1.477                       44.832885
                    1.48                       44.936614
                   1.483                       45.021112
               1.4859999                       45.077316
                   1.489                       45.096229
                   1.492                       45.069852
                   1.495                       44.991087
                   1.498                       44.854145
                   1.501                       44.654529
               1.5039999                       44.389544
                   1.507                       44.058116
                    1.51                       43.661021
                   1.513                       43.200566
                   1.516                       42.680937
               1.5190001                       42.107399
                   1.522                       41.486614
                   1.525                       40.825666
                   1.528                       40.132606
                   1.531                       39.415552
                   1.534                       38.682486
               1.5369999                       37.941368
                    1.54                       37.199457
                   1.543                       36.463615
                   1.546                       35.739968
                   1.549                       35.033764
                   1.552                       34.349646
               1.5549999                       33.691407
                   1.558                        33.06208
                   1.561                       32.463879
                   1.564                       31.898623
                   1.567                       31.367313
               1.5700001                       30.870555
                   1.573                       30.408362
                   1.576                       29.980335
                   1.579                       29.585756
                   1.582                       29.223489
                   1.585                       28.892135
               1.5880001                       28.590025
                   1.591                       28.315235
                   1.594                       28.065641
                   1.597                       27.838833
                     1.6                       27.632358
                   1.603                       27.443538
               1.6059999                       27.269496
                   1.609                       27.107433
                   1.612                       26.954279
                   1.615                       26.807084
                   1.618                        26.66272
               1.6210001                       26.518209
                   1.624                       26.370719
                   1.627                        26.21743
                    1.63                       26.055699
                   1.633                       25.883261
                   1.636                       25.697992
               1.6390001                       25.498184
                   1.642                       25.282489
                   1.645                       25.049944
                   1.648                       24.800005
                   1.651                       24.532569
                   1.654                       24.247973
               1.6569999                       23.946884
                    1.66                       23.630375
                   1.663                       23.299819
                   1.666                       22.956879
                   1.669                       22.603401
               1.6720001                       22.241433
                   1.675                       21.873042
                   1.678                       21.500388
                   1.681                         21.1256
                   1.684                       20.750702
                   1.687                       20.377662
               1.6900001                       20.008254
                   1.693                       19.644158
                   1.696                       19.286787
                   1.699                       18.937437
                   1.702                       18.597117
                   1.705                       18.266721
               1.7079999                       17.946894
                   1.711                       17.638129
                   1.714                       17.340695
                   1.717                       17.054704
                    1.72                       16.780127
                   1.723                       16.516773
                   1.726                       16.264338
                   1.729                       16.022388
                   1.732                       15.790391
                   1.735                       15.567701
                   1.738                        15.35363
               1.7410001                       15.147395
                   1.744                       14.948178
                   1.747                       14.755106
                    1.75                       14.567286
                   1.753                       14.383812
                   1.756                       14.203786
               1.7589999                       14.026287
                   1.762                       13.850469
                   1.765                       13.675485
                   1.768                        13.50055
                   1.771                       13.324942
                   1.774                       13.148023
                   1.777                       12.969211
                    1.78                       12.788038
                   1.783                       12.604125
                   1.786                        12.41719
                   1.789                       12.227065
               1.7920001                       12.033668
                   1.795                        11.83704
                   1.798                       11.637296
                   1.801                       11.434638
                   1.804                       11.229362
                   1.807                       11.021822
               1.8099999                       10.812425
                   1.813                       10.601631
                   1.816                       10.389928
                   1.819                       10.177817
                   1.822                       9.9658117
                   1.825                       9.7544236
               1.8279999                       9.5441381
                   1.831                       9.3354245
                   1.834                       9.1287274
                   1.837                       8.9244367
                    1.84                       8.7229153
               1.8430001                       8.5244741
                   1.846                        8.329383
                   1.849                       8.1378543
                   1.852                       7.9500542
                   1.855                       7.7661083
                   1.858                       7.5860932
               1.8609999                       7.4100436
                   1.864                       7.2379548
                   1.867                       7.0697866
                    1.87                       6.9054654
                   1.873                       6.7448951
                   1.876                       6.5879504
               1.8789999                       6.4344881
                   1.882                       6.2843519
                   1.885                       6.1373663
                   1.888                       5.9933619
                   1.891                       5.8521552
               1.8940001                       5.7135643
                   1.897                       5.5774137
                     1.9                       5.4435338
                   1.903                       5.3117639
                   1.906                       5.1819554
                   1.909                       5.0539755
               1.9119999                       4.9277038
                   1.915                       4.8030427
                   1.918                       4.6799066
                   1.921                       4.5582346
                   1.924                       4.4379806
                   1.927                       4.3191209
               1.9299999                       4.2016463
                   1.933                       4.0855685
                   1.936                       3.9709124
                   1.939                       3.8577201
                   1.942                       3.7460449
               1.9450001                       3.6359492
                   1.948                       3.5275088
                   1.951                       3.4208039
                   1.954                       3.3159201
                   1.957                       3.2129479
                    1.96                       3.1119782
               1.9630001                       3.0131034
                   1.966                        2.916415
                   1.969                       2.8220018
                   1.972                       2.7299514
                   1.975                       2.6403469
                   1.978                       2.5532701
               1.9809999                       2.4687986
                   1.984                       2.3870091
                   1.987                       2.3079759
                    1.99                       2.2317738
                   1.993                       2.1584799
               1.9960001                       2.0881752
                   1.999                       2.0209473
               2.0020001                       1.9568947
               2.0050001                       1.8961295
               2.0079999                       1.8387827
               2.0109999                       1.7850087
               2.0139999                       1.7349913
                   2.017                       1.6889475
                    2.02                       1.6471323
                   2.023                       1.6098403
                   2.026                       1.5774021
                   2.029                       1.5501757
               2.0320001                       1.5285271
               2.0350001                       1.5128031
               2.0380001                       1.5032958
               2.0409999                       1.5002067
               2.0439999                       1.5036189
               2.0469999                       1.5134867
                    2.05                       1.5296447
                   2.053                       1.5518351
                   2.056                       1.5797436
                   2.059                       1.6130354
                   2.062                       1.6513835
               2.0650001                       1.6944881
               2.0680001                       1.7420876
               2.0710001                       1.7939619
               2.0739999                       1.8499317
               2.0769999                       1.9098549
               2.0799999                       1.9736217
               2.0829999                       2.0411501
                   2.086                       2.1123811
                   2.089                       2.1872737
                   2.092                       2.2658016
                   2.095                       2.3479491
                   2.098                       2.4337095
               2.1010001                        2.523081
               2.1040001                       2.6160652
               2.1070001                       2.7126653
               2.1099999                       2.8128841
               2.1129999                       2.9167223
               2.1159999                       3.0241787
                   2.119                        3.135247
                   2.122                       3.2499165
                   2.125                        3.368169
                   2.128                       3.4899827
                   2.131                       3.6153277
               2.1340001                       3.7441646
               2.1370001                         3.87645
               2.1400001                       4.0121308
               2.1429999                       4.1511494
               2.1459999                       4.2934368
               2.1489999                       4.4389214
                   2.152                       4.5875254
                   2.155                       4.7391634
                   2.158                       4.8937463
                   2.161                       5.0511848
                   2.164                       5.2113847
               2.1670001                       5.3742485
               2.1700001                       5.5396819
               2.1730001                       5.7075932
               2.1760001                       5.8778869
               2.1789999                       6.0504773
               2.1819999                       6.2252831
               2.1849999                       6.4022218
                   2.188                       6.5812232
                   2.191                       6.7622215
                   2.194                       6.9451617
                   2.197                       7.1299913
                     2.2                       7.3166731
               2.2030001                       7.5051707
               2.2060001                       7.6954612
               2.2090001                       7.8875326
               2.2119999                       8.0813658
               2.2149999                       8.2769677
               2.2179999                       8.4743403
                   2.221                       8.6734856
                   2.224                       8.8744248
                   2.227                       9.0771665
                    2.23                       9.2817401
                   2.233                       9.4881509
               2.2360001                       9.6964273
               2.2390001                       9.9065811
               2.2420001                       10.118624
               2.2449999                       10.332565
               2.2479999                       10.548416
               2.2509999                       10.766165
               2.2539999                       10.985797
                   2.257                       11.207301
                    2.26                       11.430641
                   2.263                       11.655783
                   2.266                       11.882659
               2.2690001                       12.111214
               2.2720001                       12.341367
               2.2750001                        12.57302
               2.2780001                       12.806075
               2.2809999                       13.040392
               2.2839999                       13.275844
               2.2869999                       13.512286
                    2.29                       13.749531
                   2.293                       13.987415
                   2.296                       14.225728
                   2.299                       14.464262
                   2.302                       14.702793
               2.3050001                       14.941104
               2.3080001                        15.17893
               2.3110001                       15.416021
               2.3139999                       15.652114
               2.3169999                       15.886948
               2.3199999                       16.120267
                   2.323                        16.35176
                   2.326                       16.581222
                   2.329                       16.808347
                   2.332                       17.032891
                   2.335                       17.254611
               2.3380001                       17.473299
               2.3410001                       17.688739
               2.3440001                       17.900741
               2.3469999                        18.10912
               2.3499999                       18.313771
               2.3529999                       18.514575
               2.3559999                       18.711473
                   2.359                       18.904397
                   2.362                       19.093361
                   2.365                       19.278405
                   2.368                       19.459573
               2.3710001                       19.636964
               2.3740001                       19.810758
               2.3770001                       19.981088
               2.3800001                       20.148186
               2.3829999                       20.312277
               2.3859999                       20.473629
               2.3889999                       20.632528
                   2.392                       20.789284
                   2.395                       20.944194
                   2.398                       21.097624
                   2.401                        21.24989
                   2.404                       21.401312
               2.4070001                       21.552222
               2.4100001                       21.702946
               2.4130001                       21.853766
               2.4159999                       22.004984
               2.4189999                       22.156775
               2.4219999                       22.309408
                   2.425                       22.463025
                   2.428                       22.617719
                   2.431                       22.773612
                   2.434                        22.93069
                   2.437                       23.088884
               2.4400001                       23.248155
               2.4430001                       23.408325
               2.4460001                       23.569135
               2.4489999                        23.73031
               2.4519999                       23.891536
               2.4549999                       24.052385
               2.4579999                       24.212382
                   2.461                       24.371012
                   2.464                       24.527745
                   2.467                       24.681927
                    2.47                        24.83299
                   2.473                       24.980263
               2.4760001                       25.123026
               2.4790001                        25.26069
               2.4820001                       25.392606
               2.4849999                       25.518158
               2.4879999                       25.636726
               2.4909999                       25.747826
                   2.494                       25.850976
                   2.497                       25.945843
                     2.5                       26.032079
                   2.503                       26.109523
                   2.506                         26.1781
               2.5090001                        26.23776
               2.5120001                       26.288728
               2.5150001                       26.331196
               2.5179999                       26.365445
               2.5209999                        26.39207
               2.5239999                       26.411524
                   2.527                       26.424484
                    2.53                       26.431652
                   2.533                       26.433815
                   2.536                       26.431838
                   2.539                       26.426551
               2.5420001                       26.418887
               2.5450001                       26.409743
               2.5480001                       26.399996
               2.5510001                       26.390598
               2.5539999                       26.382308
               2.5569999                       26.375961
               2.5599999                       26.372331
                   2.563                       26.372047
                   2.566                       26.375708
                   2.569                       26.383824
                   2.572                       26.396788
                   2.575                       26.414901
               2.5780001                       26.438383
               2.5810001                       26.467266
               2.5840001                       26.501552
               2.5869999                       26.541087
               2.5899999                       26.585525
               2.5929999                       26.634569
                   2.596                       26.687609
                   2.599                       26.744037
                   2.602                       26.803142
                   2.605                       26.864075
                   2.608                       26.925897
               2.6110001                       26.987618
               2.6140001                        27.04811
               2.6170001                       27.106327
               2.6199999                       27.161045
               2.6229999                       27.211179
               2.6259999                       27.255481
               2.6289999                       27.292905
                   2.632                       27.322364
                   2.635                       27.342856
                   2.638                       27.353545
                   2.641                       27.353675
               2.6440001                       27.342634
               2.6470001                       27.319974
               2.6500001                       27.285447
               2.6530001                       27.238954
               2.6559999                       27.180645
               2.6589999                       27.110756
               2.6619999                       27.029823
                   2.665                       26.938474
                   2.668                       26.837489
                   2.671                       26.727919
                   2.674                        26.61075
                   2.677                         26.4872
               2.6800001                        26.35857
               2.6830001                       26.226118
               2.6860001                       26.091193
               2.6889999                       25.955169
               2.6919999                       25.819342
               2.6949999                       25.684973
                   2.698                       25.553324
                   2.701                       25.425512
                   2.704                       25.302632
                   2.707                       25.185524
                    2.71                       25.075103
               2.7130001                       24.972034
               2.7160001                       24.876839
               2.7190001                       24.790017
               2.7219999                       24.711772
               2.7249999                       24.642254
               2.7279999                       24.581454
               2.7309999                       24.529158
                   2.734                       24.485039
                   2.737                       24.448668
                    2.74                       24.419403
                   2.743                       24.396447
               2.7460001                       24.378933
               2.7490001                       24.365839
               2.7520001                       24.356021
               2.7550001                       24.348234
               2.7579999                       24.341131
               2.7609999                       24.333316
               2.7639999                       24.323404
                   2.767                       24.309847
                    2.77                       24.291208
                   2.773                       24.266093
                   2.776                         24.2331
                   2.779                       24.190911
               2.7820001                       24.138456
               2.7850001                       24.074649
               2.7880001                       23.998707
               2.7909999                       23.909972
               2.7939999                       23.808055
               2.7969999                       23.692728
                     2.8                       23.564089
                   2.803                        23.42241
                   2.806                       23.268202
                   2.809                       23.102204
                   2.812                       22.925322
               2.8150001                       22.738688
               2.8180001                        22.54356
               2.8210001                       22.341297
               2.8239999                       22.133327
               2.8269999                       21.921206
               2.8299999                       21.706407
               2.8329999                       21.490482
                   2.836                        21.27492
                   2.839                        21.06112
                   2.842                       20.850419
                   2.845                       20.644036
                   2.848                       20.443089
               2.8510001                       20.248589
               2.8540001                        20.06135
               2.8570001                       19.882078
               2.8599999                       19.711296
               2.8629999                       19.549433
               2.8659999                       19.396714
                   2.869                       19.253201
                   2.872                       19.118824
                   2.875                       18.993374
                   2.878                       18.876495
                   2.881                        18.76766
               2.8840001                         18.6662
               2.8870001                       18.571348
               2.8900001                       18.482161
               2.8929999                       18.397617
               2.8959999                       18.316624
               2.8989999                       18.237887
                   2.902                       18.160131
                   2.905                       18.081985
                   2.908                       18.002041
                   2.911                       17.918879
                   2.914                       17.831086
               2.9170001                       17.737281
               2.9200001                       17.636174
               2.9230001                       17.526544
               2.9260001                       17.407332
               2.9289999                        17.27759
               2.9319999                       17.136611
               2.9349999                       16.983828
                   2.938                       16.818906
                   2.941                         16.6418
                   2.944                       16.452605
                   2.947                       16.251711
                    2.95                       16.039692
               2.9530001                       15.817305
               2.9560001                       15.585542
               2.9590001                       15.345494
               2.9619999                       15.098371
               2.9649999                       14.845493
               2.9679999                       14.588201
                   2.971                       14.327881
                   2.974                       14.065882
                   2.977                       13.803525
                    2.98                       13.542043
                   2.983                        13.28262
               2.9860001                       13.026295
               2.9890001                       12.774004
               2.9920001                       12.526558
               2.9949999                       12.284631
               2.9979999                       12.048767
               3.0009999                       11.819356
               3.0039999                       11.596668
                   3.007                       11.380841
                    3.01                       11.171884
                   3.013                       10.969692
                   3.016                       10.774035
               3.0190001                       10.584587
               3.0220001                       10.400925
               3.0250001                       10.222532
               3.0280001                       10.048816
               3.0309999                       9.8791202
               3.0339999                       9.7127188
               3.0369999                       9.5488568
                    3.04                       9.3867377
                   3.043                       9.2255475
                   3.046                       9.0644696
                   3.049                       8.9027076
                   3.052                       8.7394839
               3.0550001                       8.5740784
               3.0580001                        8.405835
               3.0610001                       8.2341801
               3.0639999                       8.0586376
               3.0669999                       7.8788418
               3.0699999                       7.6945581
                   3.073                       7.5056701
                   3.076                        7.312207
                   3.079                         7.11433
                   3.082                       6.9123312
                   3.085                       6.7066205
               3.0880001                       6.4977236
               3.0910001                       6.2862541
               3.0940001                        6.072908
               3.0969999                       5.8584319
               3.0999999                       5.6436078
               3.1029999                       5.4292328
               3.1059999                       5.2160958
                   3.109                       5.0049676
                   3.112                       4.7965739
                   3.115                       4.5915928
                   3.118                       4.3906379
               3.1210001                       4.1942576
               3.1240001                        4.002924
               3.1270001                       3.8170378
               3.1300001                       3.6369235
               3.1329999                       3.4628348
               3.1359999                       3.2949589
               3.1389999                       3.1334203
                   3.142                       2.9782855
                   3.145                       2.8295723
                   3.148                       2.6872538
                   3.151                       2.5512664
                   3.154                       2.4215149
               3.1570001                       2.2978809
               3.1600001                        2.180227
               3.1630001                       2.0684043
               3.1659999                        1.962258
               3.1689999                        1.861635
               3.1719999                        1.766392
                   3.175                       1.6764053
                   3.178                       1.5915873
                   3.181                       1.5119096
                   3.184                        1.437444
                   3.187                       1.3684371
               3.1900001                       1.3054527
               3.1930001                       1.2496544
               3.1960001                        1.203338
               3.1989999                       1.1706723
               3.2019999                       1.1574422
               3.2049999                       1.1671866
               3.2079999                       1.1971783
                   3.211                       1.2416011
                   3.214                       1.2959454
                   3.217                       1.3576607
                    3.22                       1.4254355
                   3.223                       1.4986174
               3.2260001                        1.576899
               3.2290001                       1.6601588
               3.2320001                       1.7483787
               3.2349999                       1.8415983
               3.2379999                       1.9398879
               3.2409999                       2.0433312
                   3.244                       2.1520124
                   3.247                       2.2660071
                    3.25                       2.3853733
                   3.253                       2.5101431
                   3.256                        2.640316
               3.2590001                       2.7758503
               3.2620001                       2.9166559
               3.2650001                       3.0625872
               3.2679999                       3.2134358
               3.2709999                       3.3689222
               3.2739999                       3.5286941
                   3.277                       3.6923199
                    3.28                       3.8592839
                   3.283                         4.02899
                   3.286                       4.2007628
                   3.289                       4.3738539
               3.2920001                       4.5474488
               3.2950001                       4.7206806
               3.2980001                       4.8926507
               3.3010001                       5.0624367
               3.3039999                       5.2291308
               3.3069999                       5.3918476
               3.3099999                       5.5497596
                   3.313                       5.7021197
                   3.316                       5.8482806
                   3.319                       5.9877172
                   3.322                       6.1200464
                   3.325                       6.2450286
               3.3280001                       6.3625915
               3.3310001                       6.4728065
               3.3340001                        6.575906
               3.3369999                       6.6722616
               3.3399999                         6.76237
               3.3429999                       6.8468392
                   3.346                       6.9263708
                   3.349                        7.001734
                   3.352                       7.0737424
                   3.355                       7.1432375
                   3.358                       7.2110656
               3.3610001                       7.2780693
               3.3640001                       7.3450512
               3.3670001                       7.4127823
               3.3699999                       7.4819714
               3.3729999                        7.553261
               3.3759999                       7.6272214
               3.3789999                       7.7043401
                   3.382                        7.785011
                   3.385                       7.8695394
                   3.388                       7.9581229
                   3.391                        8.050863
               3.3940001                       8.1477461
               3.3970001                       8.2486493
               3.4000001                       8.3533451
               3.4030001                       8.4614815
               3.4059999                       8.5725912
               3.4089999                       8.6861019
               3.4119999                       8.8013265
                   3.415                       8.9174758
                   3.418                       9.0336568
                   3.421                       9.1488976
                   3.424                       9.2621521
                   3.427                       9.3723205
               3.4300001                       9.4782743
               3.4330001                       9.5788782
               3.4360001                       9.6730064
               3.4389999                       9.7595852
               3.4419999                       9.8376194
               3.4449999                       9.9062166
                   3.448                       9.9646172
                   3.451                       10.012222
                   3.454                       10.048596
                   3.457                       10.073504
                    3.46                       10.086899
               3.4630001                       10.088946
               3.4660001                       10.079995
               3.4690001                       10.060576
               3.4719999                       10.031382
               3.4749999                       9.9932553
               3.4779999                       9.9471548
               3.4809999                       9.8941194
                   3.484                       9.8352583
                   3.487                       9.7717124
                    3.49                       9.7046313
                   3.493                       9.6351547
               3.4960001                       9.5643718
               3.4990001                       9.4933384
               3.5020001                       9.4230242
               3.5050001                       9.3543276
               3.5079999                       9.2880599
               3.5109999                       9.2249429
               3.5139999                       9.1655848
                   3.517                       9.1105157
                    3.52                       9.0601503
                   3.523                       9.0148205
                   3.526                       8.9747472
                   3.529                       8.9400658
               3.5320001                       8.9108188
               3.5350001                       8.8869581
               3.5380001                       8.8683511
               3.5409999                       8.8547841
               3.5439999                       8.8459567
               3.5469999                       8.8414969
                    3.55                       8.8409641
                   3.553                       8.8438458
                   3.556                       8.8495623
                   3.559                       8.8574923
                   3.562                       8.8669463
               3.5650001                       8.8772014
               3.5680001                       8.8875068
               3.5710001                       8.8970834
               3.5739999                       8.9051422
               3.5769999                       8.9109015
               3.5799999                       8.9136039
               3.5829999                       8.9125066
                   3.586                       8.9069311
                   3.589                       8.8962537
                   3.592                       8.8799319
                   3.595                       8.8575055
                   3.598                       8.8286121
               3.6010001                         8.79301
               3.6040001                       8.7505548
               3.6070001                       8.7012295
               3.6099999                       8.6451311
               3.6129999                       8.5824599
               3.6159999                       8.5135295
                   3.619                       8.4387442
                   3.622                       8.3585891
                   3.625                       8.2736267
                   3.628                       8.1844616
                   3.631                       8.0917556
               3.6340001                        7.996179
               3.6370001                       7.8984195
               3.6400001                       7.7991606
               3.6429999                       7.6990765
               3.6459999                       7.5988035
               3.6489999                       7.4989466
                   3.652                       7.4000739
                   3.655                       7.3026971
                   3.658                       7.2072719
                   3.661                       7.1142115
                   3.664                       7.0238591
               3.6670001                       6.9364988
               3.6700001                       6.8523674
               3.6730001                       6.7716366
               3.6760001                       6.6944213
               3.6789999                       6.6207881
               3.6819999                       6.5507511
               3.6849999                       6.4842739
                   3.688                       6.4212711
                   3.691                       6.3616233
                   3.694                        6.305162
                   3.697                       6.2516834
                     3.7                       6.2009544
               3.7030001                       6.1527032
               3.7060001                       6.1066378
               3.7090001                       6.0624354
               3.7119999                       6.0197595
               3.7149999                       5.9782509
               3.7179999                        5.937542
                   3.721                       5.8972606
                   3.724                        5.857023
                   3.727                       5.8164572
                    3.73                       5.7751895
                   3.733                       5.7328659
               3.7360001                        5.689145
               3.7390001                       5.6437098
               3.7420001                       5.5962704
               3.7449999                       5.5465668
               3.7479999                       5.4943745
               3.7509999                       5.4395108
               3.7539999                       5.3818316
                   3.757                       5.3212362
                    3.76                         5.25767
                   3.763                       5.1911191
                   3.766                       5.1216155
               3.7690001                       5.0492355
               3.7720001                       4.9740874
               3.7750001                       4.8963241
               3.7780001                       4.8161231
               3.7809999                       4.7336946
               3.7839999                       4.6492699
               3.7869999                       4.5630991
                    3.79                       4.4754445
                   3.793                       4.3865792
                   3.796                       4.2967799
                   3.799                        4.206321
                   3.802                       4.1154762
               3.8050001                       4.0245083
               3.8080001                       3.9336726
               3.8110001                       3.8432092
               3.8139999                       3.7533455
               3.8169999                       3.6642916
               3.8199999                       3.5762393
                   3.823                       3.4893655
                   3.826                       3.4038258
                   3.829                       3.3197616
                   3.832                       3.2372936
                   3.835                       3.1565263
               3.8380001                       3.0775503
               3.8410001                       3.0004392
               3.8440001                       2.9252519
               3.8469999                       2.8520367
               3.8499999                       2.7808278
               3.8529999                       2.7116497
               3.8559999                       2.6445174
                   3.859                       2.5794372
                   3.862                       2.5164081
                   3.865                       2.4554221
                   3.868                       2.3964668
               3.8710001                       2.3395243
               3.8740001                       2.2845733
               3.8770001                       2.2315897
               3.8800001                       2.1805465
               3.8829999                       2.1314161
               3.8859999                       2.0841688
               3.8889999                        2.038775
                   3.892                        1.995205
                   3.895                       1.9534296
                   3.898                       1.9134199
                   3.901                       1.8751488
                   3.904                       1.8385902
               3.9070001                         1.80372
               3.9100001                       1.7705164
               3.9130001                        1.738959
               3.9159999                       1.7090305
               3.9189999                       1.6807155
               3.9219999                       1.6540016
                   3.925                       1.6288786
                   3.928                       1.6053388
                   3.931                        1.583377
                   3.934                         1.56299
                   3.937                       1.5441763
               3.9400001                       1.5269361
               3.9430001                       1.5112701
               3.9460001                       1.4971795
               3.9489999                       1.4846651
               3.9519999                       1.4737263
               3.9549999                       1.4643612
               3.9579999                       1.4565646
                   3.961                       1.4503285
                   3.964                       1.4456413
                   3.967                       1.4424872
                    3.97                       1.4408462
                   3.973                       1.4406947
               3.9760001                       1.4420051
               3.9790001                       1.4447472
               3.9820001                       1.4488881
               3.9849999                       1.4543936
               3.9879999                       1.4612287
               3.9909999                       1.4693585
                   3.994                       1.4787489
                   3.997                       1.4893673
                       4                       1.5011824

