        Frequency / GHz                S1,1/abs,dB
----------------------------------------------------------------------
                       1                     -0.04509869
                   1.003                    -0.045561716
                   1.006                    -0.046205762
               1.0089999                       -0.047029
                   1.012                    -0.048024973
                   1.015                    -0.049190504
                   1.018                    -0.050517962
                   1.021                    -0.052003371
                   1.024                    -0.053640149
                   1.027                    -0.055421223
                    1.03                    -0.057340361
                   1.033                    -0.059390432
                   1.036                    -0.061564573
                   1.039                    -0.063854281
               1.0420001                    -0.066253045
                   1.045                    -0.068751754
                   1.048                    -0.071342536
                   1.051                    -0.074017729
                   1.054                    -0.076768692
                   1.057                    -0.079586705
               1.0599999                    -0.082464338
                   1.063                    -0.085391708
                   1.066                      -0.0883609
                   1.069                    -0.091362138
                   1.072                    -0.094389099
                   1.075                    -0.097431611
               1.0779999                     -0.10048166
                   1.081                     -0.10353157
                   1.084                     -0.10657187
                   1.087                     -0.10959571
                    1.09                     -0.11259391
               1.0930001                     -0.11555945
                   1.096                     -0.11848577
                   1.099                     -0.12136411
                   1.102                     -0.12418815
                   1.105                     -0.12695155
                   1.108                      -0.1296465
               1.1109999                     -0.13226815
                   1.114                     -0.13480966
                   1.117                     -0.13726534
                    1.12                     -0.13963106
                   1.123                     -0.14190154
                   1.126                     -0.14407128
               1.1289999                     -0.14613768
                   1.132                      -0.1480955
                   1.135                     -0.14994212
                   1.138                     -0.15167509
                   1.141                     -0.15328999
               1.1440001                     -0.15478649
                   1.147                     -0.15616126
                    1.15                     -0.15741437
                   1.153                     -0.15854372
                   1.156                     -0.15954902
                   1.159                     -0.16042964
               1.1619999                     -0.16118626
                   1.165                     -0.16181915
                   1.168                     -0.16232921
                   1.171                     -0.16271833
                   1.174                      -0.1629868
                   1.177                     -0.16313758
               1.1799999                     -0.16317338
                   1.183                     -0.16309576
                   1.186                     -0.16290806
                   1.189                     -0.16261343
                   1.192                     -0.16221629
               1.1950001                     -0.16171908
                   1.198                     -0.16112747
                   1.201                     -0.16044413
                   1.204                     -0.15967454
                   1.207                       -0.158823
                    1.21                     -0.15789467
               1.2130001                     -0.15689461
                   1.216                     -0.15582849
                   1.219                     -0.15470098
                   1.222                     -0.15351808
                   1.225                     -0.15228488
                   1.228                     -0.15100749
               1.2309999                     -0.14969126
                   1.234                     -0.14834175
                   1.237                     -0.14696627
                    1.24                     -0.14556861
                   1.243                     -0.14415657
               1.2460001                     -0.14273436
                   1.249                     -0.14130815
                   1.252                     -0.13988297
                   1.255                     -0.13846628
                   1.258                     -0.13706191
                   1.261                     -0.13567621
               1.2640001                     -0.13431373
                   1.267                     -0.13297997
                    1.27                     -0.13168017
                   1.273                     -0.13041933
                   1.276                      -0.1292008
                   1.279                     -0.12803116
               1.2819999                     -0.12691259
                   1.285                     -0.12585095
                   1.288                     -0.12484938
                   1.291                      -0.1239118
                   1.294                     -0.12304128
               1.2970001                     -0.12224219
                     1.3                     -0.12151568
                   1.303                     -0.12086609
                   1.306                     -0.12029482
                   1.309                      -0.1198061
                   1.312                     -0.11939915
               1.3150001                     -0.11907818
                   1.318                     -0.11884311
                   1.321                     -0.11869653
                   1.324                     -0.11863808
                   1.327                     -0.11866899
                    1.33                      -0.1187904
               1.3329999                     -0.11900254
                   1.336                     -0.11930393
                   1.339                     -0.11969599
                   1.342                     -0.12017767
                   1.345                     -0.12074802
                   1.348                     -0.12140575
                   1.351                     -0.12215103
                   1.354                     -0.12298079
                   1.357                     -0.12389471
                    1.36                     -0.12488973
                   1.363                     -0.12596527
               1.3660001                     -0.12711767
                   1.369                     -0.12834578
                   1.372                     -0.12964553
                   1.375                     -0.13101541
                   1.378                     -0.13245182
                   1.381                     -0.13395108
               1.3839999                     -0.13551187
                   1.387                     -0.13712975
                    1.39                     -0.13880149
                   1.393                     -0.14052313
                   1.396                     -0.14229045
                   1.399                     -0.14410118
                   1.402                     -0.14595058
                   1.405                     -0.14783488
                   1.408                     -0.14975052
                   1.411                     -0.15169306
                   1.414                     -0.15365855
               1.4170001                     -0.15564415
                    1.42                     -0.15764403
                   1.423                     -0.15965462
                   1.426                     -0.16167338
                   1.429                       -0.163695
                   1.432                     -0.16571615
               1.4349999                     -0.16773233
                   1.438                     -0.16974124
                   1.441                       -0.171737
                   1.444                     -0.17371758
                   1.447                     -0.17567972
                    1.45                     -0.17761847
               1.4529999                     -0.17953267
                   1.456                     -0.18141682
                   1.459                     -0.18326884
                   1.462                     -0.18508715
                   1.465                     -0.18686747
               1.4680001                     -0.18860671
                   1.471                     -0.19030379
                   1.474                     -0.19195628
                   1.477                     -0.19356157
                    1.48                      -0.1951177
                   1.483                     -0.19662288
               1.4859999                     -0.19807629
                   1.489                     -0.19947542
                   1.492                     -0.20082034
                   1.495                     -0.20210839
                   1.498                     -0.20334126
                   1.501                     -0.20451667
               1.5039999                     -0.20563343
                   1.507                     -0.20669345
                    1.51                      -0.2076954
                   1.513                      -0.2086395
                   1.516                     -0.20952641
               1.5190001                      -0.2103562
                   1.522                      -0.2111305
                   1.525                     -0.21184872
                   1.528                     -0.21251395
                   1.531                     -0.21312607
                   1.534                     -0.21368644
               1.5369999                     -0.21419746
                    1.54                      -0.2146599
                   1.543                      -0.2150771
                   1.546                     -0.21544872
                   1.549                     -0.21577961
                   1.552                     -0.21606974
               1.5549999                     -0.21632304
                   1.558                     -0.21654095
                   1.561                      -0.2167267
                   1.564                     -0.21688347
                   1.567                     -0.21701317
               1.5700001                     -0.21711787
                   1.573                     -0.21720233
                   1.576                     -0.21726854
                   1.579                     -0.21732011
                   1.582                     -0.21735859
                   1.585                     -0.21738848
               1.5880001                     -0.21741257
                   1.591                     -0.21743317
                   1.594                     -0.21745525
                   1.597                     -0.21747972
                     1.6                      -0.2175108
                   1.603                     -0.21755115
               1.6059999                     -0.21760351
                   1.609                     -0.21767217
                   1.612                     -0.21775899
                   1.615                     -0.21786659
                   1.618                     -0.21799842
               1.6210001                     -0.21815693
                   1.624                     -0.21834446
                   1.627                     -0.21856359
                    1.63                     -0.21881736
                   1.633                     -0.21910713
                   1.636                     -0.21943582
               1.6390001                     -0.21980561
                   1.642                      -0.2202179
                   1.645                     -0.22067534
                   1.648                     -0.22117872
                   1.651                     -0.22173022
                   1.654                     -0.22233145
               1.6569999                     -0.22298379
                    1.66                     -0.22368742
                   1.663                      -0.2244444
                   1.666                     -0.22525507
                   1.669                     -0.22612083
               1.6720001                     -0.22704146
                   1.675                     -0.22801795
                   1.678                     -0.22905063
                   1.681                     -0.23013957
                   1.684                     -0.23128405
                   1.687                     -0.23248492
               1.6900001                     -0.23374097
                   1.693                     -0.23505239
                   1.696                     -0.23641856
                   1.699                     -0.23783843
                   1.702                      -0.2393115
                   1.705                     -0.24083639
               1.7079999                     -0.24241264
                   1.711                     -0.24403789
                   1.714                     -0.24571119
                   1.717                     -0.24743144
                    1.72                     -0.24919713
                   1.723                     -0.25100571
                   1.726                     -0.25285523
                   1.729                     -0.25474496
                   1.732                     -0.25667215
                   1.735                     -0.25863453
                   1.738                     -0.26063019
               1.7410001                     -0.26265624
                   1.744                     -0.26471178
                   1.747                     -0.26679257
                    1.75                     -0.26889726
                   1.753                     -0.27102383
                   1.756                     -0.27316833
               1.7589999                     -0.27532895
                   1.762                     -0.27750368
                   1.765                     -0.27968895
                   1.768                     -0.28188206
                   1.771                       -0.284081
                   1.774                     -0.28628281
                   1.777                     -0.28848543
                    1.78                     -0.29068622
                   1.783                     -0.29288198
                   1.786                     -0.29507088
                   1.789                     -0.29724921
               1.7920001                     -0.29941599
                   1.795                     -0.30156816
                   1.798                     -0.30370332
                   1.801                     -0.30582027
                   1.804                     -0.30791572
                   1.807                     -0.30998684
               1.8099999                     -0.31203465
                   1.813                     -0.31405404
                   1.816                     -0.31604465
                   1.819                     -0.31800481
                   1.822                     -0.31993207
                   1.825                     -0.32182572
               1.8279999                     -0.32368509
                   1.831                     -0.32550753
                   1.834                     -0.32729197
                   1.837                     -0.32903919
                    1.84                     -0.33074586
               1.8430001                      -0.3324124
                   1.846                     -0.33403868
                   1.849                     -0.33562348
                   1.852                     -0.33716704
                   1.855                     -0.33866784
                   1.858                     -0.34012744
               1.8609999                     -0.34154532
                   1.864                     -0.34292105
                   1.867                      -0.3442556
                    1.87                      -0.3455489
                   1.873                     -0.34680266
                   1.876                     -0.34801549
               1.8789999                     -0.34918953
                   1.882                     -0.35032627
                   1.885                     -0.35142571
                   1.888                     -0.35248922
                   1.891                     -0.35351863
               1.8940001                     -0.35451418
                   1.897                      -0.3554781
                     1.9                     -0.35641223
                   1.903                     -0.35731826
                   1.906                      -0.3581972
                   1.909                     -0.35905078
               1.9119999                     -0.35988161
                   1.915                       -0.360692
                   1.918                     -0.36148211
                   1.921                     -0.36225552
                   1.924                     -0.36301463
                   1.927                     -0.36376067
               1.9299999                     -0.36449602
                   1.933                     -0.36522326
                   1.936                     -0.36594458
                   1.939                      -0.3666622
                   1.942                     -0.36737819
               1.9450001                     -0.36809565
                   1.948                     -0.36881573
                   1.951                     -0.36954004
                   1.954                     -0.37027333
                   1.957                     -0.37101543
                    1.96                     -0.37177097
               1.9630001                     -0.37253937
                   1.966                     -0.37332495
                   1.969                     -0.37412868
                   1.972                     -0.37495239
                   1.975                     -0.37579841
                   1.978                     -0.37666913
               1.9809999                      -0.3775654
                   1.984                     -0.37849001
                   1.987                     -0.37944317
                    1.99                     -0.38042798
                   1.993                     -0.38144602
               1.9960001                     -0.38249653
                   1.999                     -0.38358376
               2.0020001                     -0.38470606
               2.0050001                     -0.38586659
               2.0079999                     -0.38706555
               2.0109999                      -0.3883037
               2.0139999                     -0.38958152
                   2.017                     -0.39090195
                    2.02                     -0.39226166
                   2.023                      -0.3936645
                   2.026                     -0.39510862
                   2.029                      -0.3965952
               2.0320001                     -0.39812512
               2.0350001                     -0.39969666
               2.0380001                     -0.40131047
               2.0409999                     -0.40296649
               2.0439999                     -0.40466424
               2.0469999                     -0.40640231
                    2.05                     -0.40818133
                   2.053                     -0.41000046
                   2.056                     -0.41185803
                   2.059                     -0.41375373
                   2.062                     -0.41568595
               2.0650001                     -0.41765516
               2.0680001                      -0.4196584
               2.0710001                     -0.42169536
               2.0739999                     -0.42376315
               2.0769999                     -0.42586193
               2.0799999                        -0.42799
               2.0829999                     -0.43014528
                   2.086                     -0.43232609
                   2.089                     -0.43453042
                   2.092                     -0.43675634
                   2.095                     -0.43900317
                   2.098                     -0.44126758
               2.1010001                      -0.4435478
               2.1040001                      -0.4458424
               2.1070001                     -0.44814942
               2.1099999                     -0.45046703
               2.1129999                     -0.45279159
               2.1159999                     -0.45512302
                   2.119                     -0.45745753
                   2.122                     -0.45979379
                   2.125                     -0.46212997
                   2.128                     -0.46446357
                   2.131                     -0.46679256
               2.1340001                     -0.46911503
               2.1370001                     -0.47142924
               2.1400001                      -0.4737332
               2.1429999                     -0.47602471
               2.1459999                     -0.47830217
               2.1489999                     -0.48056339
                   2.152                     -0.48280686
                   2.155                     -0.48503057
                   2.158                     -0.48723417
                   2.161                     -0.48941502
                   2.164                     -0.49157196
               2.1670001                     -0.49370399
               2.1700001                     -0.49580932
               2.1730001                     -0.49788716
               2.1760001                     -0.49993636
               2.1789999                     -0.50195615
               2.1819999                     -0.50394518
               2.1849999                     -0.50590362
                   2.188                     -0.50782989
                   2.191                     -0.50972376
                   2.194                     -0.51158584
                   2.197                     -0.51341553
                     2.2                      -0.5152117
               2.2030001                     -0.51697415
               2.2060001                      -0.5187051
               2.2090001                     -0.52040307
               2.2119999                     -0.52206882
               2.2149999                     -0.52370336
               2.2179999                     -0.52530523
                   2.221                      -0.5268781
                   2.224                     -0.52842149
                   2.227                     -0.52993591
                    2.23                     -0.53142297
                   2.233                     -0.53288371
               2.2360001                     -0.53431884
               2.2390001                     -0.53573122
               2.2420001                     -0.53712147
               2.2449999                     -0.53849141
               2.2479999                     -0.53984195
               2.2509999                     -0.54117615
               2.2539999                     -0.54249506
                   2.257                     -0.54380016
                    2.26                     -0.54509512
                   2.263                     -0.54638046
                   2.266                     -0.54765929
               2.2690001                       -0.548934
               2.2720001                     -0.55020617
               2.2750001                     -0.55147827
               2.2780001                      -0.5527522
               2.2809999                      -0.5540315
               2.2839999                     -0.55531716
               2.2869999                     -0.55661283
                    2.29                     -0.55792092
                   2.293                     -0.55924362
                   2.296                     -0.56058332
                   2.299                     -0.56194245
                   2.302                     -0.56332329
               2.3050001                     -0.56472913
               2.3080001                     -0.56616093
               2.3110001                     -0.56762183
               2.3139999                     -0.56911524
               2.3169999                     -0.57064197
               2.3199999                     -0.57220516
                   2.323                     -0.57380586
                   2.326                     -0.57544814
                   2.329                     -0.57713186
                   2.332                     -0.57885965
                   2.335                     -0.58063446
               2.3380001                     -0.58245797
               2.3410001                     -0.58433073
               2.3440001                     -0.58625568
               2.3469999                     -0.58823276
               2.3499999                     -0.59026509
               2.3529999                     -0.59235371
               2.3559999                     -0.59449875
                   2.359                     -0.59670195
                   2.362                     -0.59896477
                   2.365                      -0.6012874
                   2.368                      -0.6036711
               2.3710001                     -0.60611626
               2.3740001                     -0.60862467
               2.3770001                     -0.61119453
               2.3800001                     -0.61382687
               2.3829999                     -0.61652288
               2.3859999                      -0.6192815
               2.3889999                     -0.62210279
                   2.392                      -0.6249865
                   2.395                     -0.62793208
                   2.398                     -0.63094036
                   2.401                     -0.63401017
                   2.404                       -0.637139
               2.4070001                     -0.64032763
               2.4100001                      -0.6435753
               2.4130001                     -0.64688022
               2.4159999                     -0.65024091
               2.4189999                     -0.65365749
               2.4219999                     -0.65712714
                   2.425                     -0.66064926
                   2.428                     -0.66422138
                   2.431                      -0.6678424
                   2.434                      -0.6715104
                   2.437                     -0.67522407
               2.4400001                     -0.67898032
               2.4430001                     -0.68277799
               2.4460001                     -0.68661465
               2.4489999                     -0.69048924
               2.4519999                     -0.69439722
               2.4549999                     -0.69833928
               2.4579999                     -0.70231102
                   2.461                     -0.70631145
                   2.464                     -0.71033738
                   2.467                     -0.71438792
                    2.47                     -0.71845882
                   2.473                     -0.72254807
               2.4760001                      -0.7266554
               2.4790001                     -0.73077718
               2.4820001                     -0.73491036
               2.4849999                     -0.73905355
               2.4879999                      -0.7432054
               2.4909999                     -0.74736225
                   2.494                     -0.75152274
                   2.497                     -0.75568492
                     2.5                     -0.75984625
                   2.503                     -0.76400588
                   2.506                     -0.76816228
               2.5090001                     -0.77231233
               2.5120001                     -0.77645449
               2.5150001                     -0.78058889
               2.5179999                     -0.78471334
               2.5209999                     -0.78882677
               2.5239999                     -0.79292745
                   2.527                     -0.79701533
                    2.53                     -0.80108856
                   2.533                     -0.80514641
                   2.536                     -0.80918974
                   2.539                      -0.8132171
               2.5420001                     -0.81722809
               2.5450001                     -0.82122337
               2.5480001                     -0.82520239
               2.5510001                     -0.82916568
               2.5539999                     -0.83311366
               2.5569999                     -0.83704724
               2.5599999                     -0.84096613
                   2.563                     -0.84487222
                   2.566                     -0.84876617
                   2.569                     -0.85264915
                   2.572                     -0.85652337
                   2.575                     -0.86038924
               2.5780001                     -0.86424882
               2.5810001                     -0.86810522
               2.5840001                     -0.87195919
               2.5869999                     -0.87581311
               2.5899999                     -0.87967043
               2.5929999                     -0.88353226
                   2.596                     -0.88740191
                   2.599                      -0.8912832
                   2.602                      -0.8951776
                   2.605                     -0.89908938
                   2.608                     -0.90302107
               2.6110001                     -0.90697625
               2.6140001                     -0.91095905
               2.6170001                     -0.91497129
               2.6199999                     -0.91901873
               2.6229999                      -0.9231037
               2.6259999                     -0.92723191
               2.6289999                     -0.93140508
                   2.632                     -0.93562834
                   2.635                     -0.93990567
                   2.638                     -0.94424163
                   2.641                     -0.94863965
               2.6440001                     -0.95310431
               2.6470001                     -0.95764081
               2.6500001                     -0.96225146
               2.6530001                     -0.96694214
               2.6559999                     -0.97171637
               2.6589999                      -0.9765784
               2.6619999                     -0.98153303
                   2.665                     -0.98658396
                   2.668                     -0.99173626
                   2.671                     -0.99699259
                   2.674                      -1.0023581
                   2.677                      -1.0078374
               2.6800001                      -1.0134329
               2.6830001                      -1.0191495
               2.6860001                      -1.0249909
               2.6889999                      -1.0309604
               2.6919999                      -1.0370627
               2.6949999                      -1.0432994
                   2.698                       -1.049676
                   2.701                      -1.0561945
                   2.704                      -1.0628576
                   2.707                      -1.0696693
                    2.71                      -1.0766327
               2.7130001                      -1.0837491
               2.7160001                      -1.0910227
               2.7190001                      -1.0984549
               2.7219999                      -1.1060477
               2.7249999                      -1.1138042
               2.7279999                      -1.1217252
               2.7309999                      -1.1298135
                   2.734                        -1.13807
                   2.737                      -1.1464965
                    2.74                      -1.1550936
                   2.743                      -1.1638632
               2.7460001                      -1.1728056
               2.7490001                      -1.1819223
               2.7520001                      -1.1912119
               2.7550001                      -1.2006766
               2.7579999                      -1.2103167
               2.7609999                      -1.2201311
               2.7639999                      -1.2301203
                   2.767                      -1.2402834
                    2.77                      -1.2506208
                   2.773                      -1.2611318
                   2.776                      -1.2718148
                   2.779                      -1.2826692
               2.7820001                      -1.2936951
               2.7850001                      -1.3048898
               2.7880001                      -1.3162535
               2.7909999                      -1.3277839
               2.7939999                      -1.3394789
               2.7969999                      -1.3513381
                     2.8                      -1.3633599
                   2.803                       -1.375541
                   2.806                      -1.3878822
                   2.809                      -1.4003795
                   2.812                      -1.4130309
               2.8150001                      -1.4258367
               2.8180001                      -1.4387932
               2.8210001                      -1.4518992
               2.8239999                      -1.4651531
               2.8269999                      -1.4785517
               2.8299999                      -1.4920943
               2.8329999                      -1.5057797
                   2.836                      -1.5196051
                   2.839                      -1.5335693
                   2.842                      -1.5476711
                   2.845                      -1.5619094
                   2.848                      -1.5762823
               2.8510001                      -1.5907902
               2.8540001                      -1.6054304
               2.8570001                      -1.6202026
               2.8599999                      -1.6351078
               2.8629999                       -1.650145
               2.8659999                      -1.6653136
                   2.869                      -1.6806159
                   2.872                      -1.6960493
                   2.875                      -1.7116176
                   2.878                      -1.7273203
                   2.881                      -1.7431597
               2.8840001                      -1.7591382
               2.8870001                      -1.7752552
               2.8900001                      -1.7915169
               2.8929999                      -1.8079242
               2.8959999                      -1.8244808
               2.8989999                      -1.8411906
                   2.902                      -1.8580576
                   2.905                      -1.8750868
                   2.908                      -1.8922838
                   2.911                      -1.9096528
                   2.914                         -1.9272
               2.9170001                      -1.9449319
               2.9200001                      -1.9628566
               2.9230001                      -1.9809802
               2.9260001                      -1.9993113
               2.9289999                      -2.0178586
               2.9319999                      -2.0366306
               2.9349999                      -2.0556371
                   2.938                      -2.0748879
                   2.941                      -2.0943931
                   2.944                      -2.1141646
                   2.947                      -2.1342134
                    2.95                      -2.1545523
               2.9530001                      -2.1751933
               2.9560001                      -2.1961491
               2.9590001                      -2.2174345
               2.9619999                      -2.2390635
               2.9649999                      -2.2610497
               2.9679999                      -2.2834099
                   2.971                      -2.3061586
                   2.974                      -2.3293135
                   2.977                      -2.3528903
                    2.98                      -2.3769068
                   2.983                       -2.401379
               2.9860001                      -2.4263276
               2.9890001                      -2.4517713
               2.9920001                      -2.4777275
               2.9949999                      -2.5042157
               2.9979999                       -2.531258
               3.0009999                      -2.5588735
               3.0039999                      -2.5870843
                   3.007                      -2.6159098
                    3.01                      -2.6453734
                   3.013                      -2.6754977
                   3.016                       -2.706304
               3.0190001                      -2.7378163
               3.0220001                      -2.7700566
               3.0250001                      -2.8030509
               3.0280001                      -2.8368212
               3.0309999                      -2.8713924
               3.0339999                      -2.9067892
               3.0369999                      -2.9430379
                    3.04                      -2.9801626
                   3.043                       -3.018189
                   3.046                      -3.0571441
                   3.049                      -3.0970539
                   3.052                      -3.1379429
               3.0550001                       -3.179841
               3.0580001                      -3.2227724
               3.0610001                      -3.2667665
               3.0639999                      -3.3118504
               3.0669999                      -3.3580508
               3.0699999                      -3.4053952
                   3.073                      -3.4539128
                   3.076                      -3.5036313
                   3.079                      -3.5545795
                   3.082                      -3.6067851
                   3.085                      -3.6602777
               3.0880001                      -3.7150849
               3.0910001                      -3.7712352
               3.0940001                      -3.8287573
               3.0969999                      -3.8876802
               3.0999999                      -3.9480337
               3.1029999                      -4.0098452
               3.1059999                      -4.0731431
                   3.109                      -4.1379566
                   3.112                      -4.2043124
                   3.115                      -4.2722396
                   3.118                      -4.3417658
               3.1210001                      -4.4129188
               3.1240001                      -4.4857232
               3.1270001                      -4.5602083
               3.1300001                      -4.6363966
               3.1329999                      -4.7143159
               3.1359999                      -4.7939884
               3.1389999                      -4.8754386
                   3.142                      -4.9586888
                   3.145                      -5.0437596
                   3.148                       -5.130671
                   3.151                      -5.2194391
                   3.154                      -5.3100833
               3.1570001                      -5.4026154
               3.1600001                      -5.4970482
               3.1630001                      -5.5933921
               3.1659999                      -5.6916519
               3.1689999                      -5.7918321
               3.1719999                       -5.893933
                   3.175                      -5.9979495
                   3.178                      -6.1038733
                   3.181                      -6.2116908
                   3.184                      -6.3213819
                   3.187                      -6.4329223
               3.1900001                      -6.5462796
               3.1930001                      -6.6614128
               3.1960001                      -6.7782749
               3.1989999                      -6.8968082
               3.2019999                      -7.0169437
               3.2049999                      -7.1386029
               3.2079999                      -7.2616949
                   3.211                      -7.3861133
                   3.214                      -7.5117387
                   3.217                      -7.6384348
                    3.22                       -7.766047
                   3.223                      -7.8944038
               3.2260001                      -8.0233095
               3.2290001                      -8.1525531
               3.2320001                      -8.2818924
               3.2349999                      -8.4110641
               3.2379999                      -8.5397809
               3.2409999                      -8.6677255
                   3.244                      -8.7945519
                   3.247                      -8.9198881
                    3.25                      -9.0433316
                   3.253                      -9.1644507
                   3.256                      -9.2827886
               3.2590001                      -9.3978593
               3.2620001                      -9.5091546
               3.2650001                      -9.6161446
               3.2679999                      -9.7182838
               3.2709999                       -9.815014
               3.2739999                      -9.9057713
                   3.277                      -9.9899958
                    3.28                      -10.067135
                   3.283                      -10.136655
                   3.286                      -10.198048
                   3.289                      -10.250846
               3.2920001                      -10.294625
               3.2950001                       -10.32902
               3.2980001                      -10.353724
               3.3010001                      -10.368508
               3.3039999                      -10.373214
               3.3069999                      -10.367766
               3.3099999                      -10.352172
                   3.313                      -10.326522
                   3.316                      -10.290984
                   3.319                      -10.245806
                   3.322                      -10.191303
                   3.325                      -10.127854
               3.3280001                      -10.055893
               3.3310001                      -9.9759001
               3.3340001                      -9.8883885
               3.3369999                      -9.7939025
               3.3399999                      -9.6929983
               3.3429999                      -9.5862441
                   3.346                      -9.4742085
                   3.349                      -9.3574541
                   3.352                      -9.2365303
                   3.355                      -9.1119708
                   3.358                      -8.9842862
               3.3610001                      -8.8539643
               3.3640001                      -8.7214659
               3.3670001                      -8.5872251
               3.3699999                      -8.4516452
               3.3729999                      -8.3151024
               3.3759999                      -8.1779441
               3.3789999                       -8.040489
                   3.382                      -7.9030279
                   3.385                      -7.7658292
                   3.388                      -7.6291325
                   3.391                      -7.4931568
               3.3940001                      -7.3580972
               3.3970001                      -7.2241313
               3.4000001                      -7.0914156
               3.4030001                      -6.9600889
               3.4059999                      -6.8302769
               3.4089999                      -6.7020866
               3.4119999                      -6.5756139
                   3.415                      -6.4509424
                   3.418                      -6.3281428
                   3.421                      -6.2072783
                   3.424                         -6.0884
                   3.427                      -5.9715521
               3.4300001                      -5.8567714
               3.4330001                      -5.7440875
               3.4360001                      -5.6335226
               3.4389999                      -5.5250957
               3.4419999                      -5.4188205
               3.4449999                      -5.3147033
                   3.448                      -5.2127481
                   3.451                      -5.1129584
                   3.454                      -5.0153287
                   3.457                      -4.9198532
                    3.46                      -4.8265266
               3.4630001                      -4.7353351
               3.4660001                      -4.6462679
               3.4690001                      -4.5593097
               3.4719999                      -4.4744448
               3.4749999                      -4.3916546
               3.4779999                      -4.3109206
               3.4809999                      -4.2322216
                   3.484                      -4.1555371
                   3.487                       -4.080844
                    3.49                      -4.0081186
                   3.493                      -3.9373375
               3.4960001                      -3.8684752
               3.4990001                      -3.8015067
               3.5020001                      -3.7364045
               3.5050001                      -3.6731433
               3.5079999                       -3.611695
               3.5109999                      -3.5520324
               3.5139999                       -3.494127
                   3.517                      -3.4379485
                    3.52                      -3.3834715
                   3.523                      -3.3306642
                   3.526                      -3.2794972
                   3.529                      -3.2299411
               3.5320001                      -3.1819655
               3.5350001                      -3.1355376
               3.5380001                        -3.09063
               3.5409999                       -3.047209
               3.5439999                      -3.0052442
               3.5469999                       -2.964704
                    3.55                       -2.925556
                   3.553                      -2.8877673
                   3.556                      -2.8513063
                   3.559                      -2.8161402
                   3.562                      -2.7822354
               3.5650001                      -2.7495587
               3.5680001                      -2.7180774
               3.5710001                      -2.6877566
               3.5739999                      -2.6585636
               3.5769999                      -2.6304638
               3.5799999                      -2.6034233
               3.5829999                      -2.5774071
                   3.586                      -2.5523818
                   3.589                      -2.5283107
                   3.592                      -2.5051603
                   3.595                      -2.4828961
                   3.598                      -2.4614818
               3.6010001                      -2.4408834
               3.6040001                      -2.4210663
               3.6070001                      -2.4019935
               3.6099999                      -2.3836312
               3.6129999                      -2.3659452
               3.6159999                      -2.3488993
                   3.619                      -2.3324587
                   3.622                        -2.31659
                   3.625                      -2.3012586
                   3.628                      -2.2864297
                   3.631                      -2.2720705
               3.6340001                      -2.2581466
               3.6370001                      -2.2446256
               3.6400001                      -2.2314752
               3.6429999                      -2.2186638
               3.6459999                      -2.2061576
               3.6489999                      -2.1939287
                   3.652                      -2.1819449
                   3.655                      -2.1701774
                   3.658                      -2.1585975
                   3.661                      -2.1471775
                   3.664                      -2.1358896
               3.6670001                      -2.1247079
               3.6700001                      -2.1136087
               3.6730001                      -2.1025658
               3.6760001                      -2.0915572
               3.6789999                      -2.0805616
               3.6819999                      -2.0695588
               3.6849999                       -2.058527
                   3.688                      -2.0474504
                   3.691                       -2.036311
                   3.694                      -2.0250935
                   3.697                      -2.0137838
                     3.7                      -2.0023689
               3.7030001                      -1.9908386
               3.7060001                      -1.9791812
               3.7090001                      -1.9673895
               3.7119999                      -1.9554563
               3.7149999                      -1.9433763
               3.7179999                      -1.9311444
                   3.721                      -1.9187594
                   3.724                      -1.9062194
                   3.727                      -1.8935256
                    3.73                      -1.8806781
                   3.733                      -1.8676814
               3.7360001                      -1.8545396
               3.7390001                      -1.8412582
               3.7420001                      -1.8278464
               3.7449999                      -1.8143099
               3.7479999                      -1.8006597
               3.7509999                      -1.7869079
               3.7539999                      -1.7730638
                   3.757                      -1.7591431
                    3.76                      -1.7451581
                   3.763                      -1.7311244
                   3.766                      -1.7170593
               3.7690001                      -1.7029767
               3.7720001                       -1.688898
               3.7750001                      -1.6748385
               3.7780001                      -1.6608183
               3.7809999                      -1.6468564
               3.7839999                       -1.632974
               3.7869999                       -1.619191
                    3.79                      -1.6055277
                   3.793                      -1.5920059
                   3.796                      -1.5786464
                   3.799                      -1.5654715
                   3.802                      -1.5525027
               3.8050001                      -1.5397626
               3.8080001                      -1.5272714
               3.8110001                      -1.5150511
               3.8139999                      -1.5031245
               3.8169999                      -1.4915116
               3.8199999                      -1.4802342
                   3.823                      -1.4693126
                   3.826                      -1.4587684
                   3.829                      -1.4486202
                   3.832                      -1.4388873
                   3.835                      -1.4295912
               3.8380001                      -1.4207476
               3.8410001                      -1.4123759
               3.8440001                      -1.4044932
               3.8469999                       -1.397116
               3.8499999                      -1.3902604
               3.8529999                      -1.3839413
               3.8559999                      -1.3781728
                   3.859                      -1.3729691
                   3.862                       -1.368343
                   3.865                      -1.3643056
                   3.868                      -1.3608681
               3.8710001                      -1.3580408
               3.8740001                       -1.355832
               3.8770001                       -1.354251
               3.8800001                      -1.3533033
               3.8829999                      -1.3529969
               3.8859999                      -1.3533353
               3.8889999                      -1.3543226
                   3.892                      -1.3559617
                   3.895                      -1.3582545
                   3.898                      -1.3612018
                   3.901                      -1.3648033
                   3.904                      -1.3690562
               3.9070001                      -1.3739606
               3.9100001                       -1.379509
               3.9130001                      -1.3856985
               3.9159999                      -1.3925226
               3.9189999                      -1.3999739
               3.9219999                      -1.4080439
                   3.925                      -1.4167226
                   3.928                      -1.4259995
                   3.931                      -1.4358631
                   3.934                      -1.4462993
                   3.937                      -1.4572938
               3.9400001                      -1.4688318
               3.9430001                      -1.4808967
               3.9460001                      -1.4934705
               3.9489999                      -1.5065343
               3.9519999                      -1.5200704
               3.9549999                      -1.5340544
               3.9579999                      -1.5484676
                   3.961                      -1.5632864
                   3.964                       -1.578488
                   3.967                      -1.5940453
                    3.97                       -1.609936
                   3.973                      -1.6261333
               3.9760001                      -1.6426096
               3.9790001                      -1.6593381
               3.9820001                       -1.676291
               3.9849999                      -1.6934403
               3.9879999                      -1.7107569
               3.9909999                      -1.7282112
                   3.994                      -1.7457749
                   3.997                      -1.7634174
                       4                      -1.7811093

